Unit:(mV)
                     CH1         CH2
Frequency      12.079 Hz           ?
Period         82.788 ms           ?
00001         -112000.00     -600.00
00002         -112000.00     -600.00
00003         -112000.00     -600.00
00004         -112000.00     -400.00
00005         -112000.00     -400.00
00006         -110000.00     -400.00
00007         -110000.00     -400.00
00008         -110000.00     -400.00
00009         -110000.00     -400.00
00010         -110000.00     -200.00
00011         -110000.00     -200.00
00012         -110000.00     -200.00
00013         -110000.00     -200.00
00014         -110000.00     -200.00
00015         -110000.00        0.00
00016         -110000.00     -200.00
00017         -110000.00     -200.00
00018         -110000.00     -200.00
00019         -110000.00     -200.00
00020         -110000.00     -200.00
00021         -110000.00        0.00
00022         -110000.00     -200.00
00023         -110000.00     -200.00
00024         -110000.00        0.00
00025         -110000.00     -200.00
00026         -110000.00        0.00
00027         -110000.00        0.00
00028         -110000.00        0.00
00029         -110000.00        0.00
00030         -110000.00        0.00
00031         -110000.00        0.00
00032         -108000.00        0.00
00033         -108000.00        0.00
00034         -108000.00        0.00
00035         -108000.00        0.00
00036         -108000.00        0.00
00037         -108000.00        0.00
00038         -108000.00        0.00
00039         -108000.00        0.00
00040         -108000.00        0.00
00041         -108000.00        0.00
00042         -108000.00        0.00
00043         -108000.00        0.00
00044         -108000.00        0.00
00045         -108000.00        0.00
00046         -108000.00        0.00
00047         -108000.00        0.00
00048         -108000.00        0.00
00049         -108000.00        0.00
00050         -108000.00        0.00
00051         -108000.00        0.00
00052         -108000.00        0.00
00053         -108000.00        0.00
00054         -108000.00        0.00
00055         -108000.00        0.00
00056         -108000.00        0.00
00057         -108000.00        0.00
00058         -108000.00        0.00
00059         -108000.00        0.00
00060         -108000.00        0.00
00061         -108000.00        0.00
00062         -108000.00        0.00
00063         -108000.00        0.00
00064         -108000.00        0.00
00065         -108000.00        0.00
00066         -108000.00        0.00
00067         -108000.00        0.00
00068         -108000.00        0.00
00069         -108000.00        0.00
00070         -108000.00        0.00
00071         -108000.00        0.00
00072         -108000.00        0.00
00073         -108000.00        0.00
00074         -108000.00        0.00
00075         -108000.00        0.00
00076         -108000.00        0.00
00077         -108000.00        0.00
00078         -108000.00        0.00
00079         -108000.00        0.00
00080         -108000.00        0.00
00081         -108000.00        0.00
00082         -108000.00        0.00
00083         -106000.00        0.00
00084         -106000.00        0.00
00085          100000.00     5600.00
00086          102000.00     4000.00
00087          102000.00     3400.00
00088          102000.00     3000.00
00089          104000.00     2600.00
00090          104000.00     2400.00
00091          104000.00     2200.00
00092          104000.00     2000.00
00093          104000.00     1800.00
00094          106000.00     1600.00
00095          104000.00     1400.00
00096          104000.00     1400.00
00097          104000.00     1200.00
00098          104000.00     1000.00
00099          104000.00     1000.00
00100          104000.00      800.00
00101          104000.00      800.00
00102          104000.00      600.00
00103          104000.00      600.00
00104          104000.00      600.00
00105          104000.00      600.00
00106          104000.00      600.00
00107          104000.00      400.00
00108          104000.00      400.00
00109          104000.00      400.00
00110          104000.00      200.00
00111          104000.00      200.00
00112          104000.00      200.00
00113          104000.00      200.00
00114          104000.00      200.00
00115          104000.00      200.00
00116          104000.00      200.00
00117          104000.00      200.00
00118          104000.00        0.00
00119          104000.00      200.00
00120          104000.00        0.00
00121          102000.00        0.00
00122          102000.00        0.00
00123          102000.00        0.00
00124          102000.00        0.00
00125          102000.00        0.00
00126          102000.00        0.00
00127          102000.00        0.00
00128          102000.00        0.00
00129          102000.00        0.00
00130          102000.00        0.00
00131          102000.00        0.00
00132          102000.00        0.00
00133          102000.00        0.00
00134          102000.00        0.00
00135          102000.00        0.00
00136          102000.00        0.00
00137          102000.00        0.00
00138          102000.00        0.00
00139          102000.00        0.00
00140          102000.00        0.00
00141          102000.00        0.00
00142          102000.00        0.00
00143          102000.00        0.00
00144          102000.00        0.00
00145          102000.00        0.00
00146          102000.00        0.00
00147          102000.00        0.00
00148          102000.00        0.00
00149          102000.00        0.00
00150          102000.00        0.00
00151          102000.00        0.00
00152          102000.00        0.00
00153          102000.00        0.00
00154          102000.00        0.00
00155          102000.00        0.00
00156          102000.00        0.00
00157          102000.00        0.00
00158          102000.00        0.00
00159          100000.00        0.00
00160          102000.00        0.00
00161          102000.00        0.00
00162          102000.00        0.00
00163          100000.00        0.00
00164          100000.00        0.00
00165          102000.00        0.00
00166          102000.00        0.00
00167          100000.00        0.00
00168          100000.00        0.00
00169          100000.00        0.00
00170          102000.00        0.00
00171          100000.00        0.00
00172          100000.00        0.00
00173          100000.00        0.00
00174          100000.00        0.00
00175          100000.00        0.00
00176          100000.00        0.00
00177          100000.00        0.00
00178          100000.00        0.00
00179          100000.00        0.00
00180          100000.00        0.00
00181          100000.00     -200.00
00182          100000.00        0.00
00183          100000.00        0.00
00184          100000.00        0.00
00185          100000.00        0.00
00186          100000.00        0.00
00187         -104000.00    -7200.00
00188         -108000.00    -4400.00
00189         -108000.00    -3600.00
00190         -110000.00    -3200.00
00191         -110000.00    -3000.00
00192         -110000.00    -2600.00
00193         -110000.00    -2400.00
00194         -112000.00    -2200.00
00195         -112000.00    -2000.00
00196         -112000.00    -1800.00
00197         -112000.00    -1600.00
00198         -112000.00    -1400.00
00199         -112000.00    -1400.00
00200         -112000.00    -1200.00
00201         -112000.00    -1000.00
00202         -112000.00    -1000.00
00203         -112000.00    -1000.00
00204         -112000.00     -800.00
00205         -112000.00     -800.00
00206         -112000.00     -800.00
00207         -112000.00     -600.00
00208         -112000.00     -600.00
00209         -112000.00     -600.00
00210         -112000.00     -400.00
00211         -110000.00     -400.00
00212         -110000.00     -400.00
00213         -110000.00     -400.00
00214         -110000.00     -400.00
00215         -110000.00     -200.00
00216         -110000.00     -200.00
00217         -110000.00     -400.00
00218         -110000.00     -200.00
00219         -110000.00     -200.00
00220         -110000.00     -200.00
00221         -110000.00     -200.00
00222         -110000.00     -200.00
00223         -110000.00     -200.00
00224         -110000.00     -200.00
00225         -110000.00     -200.00
00226         -110000.00        0.00
00227         -110000.00     -200.00
00228         -110000.00        0.00
00229         -110000.00     -200.00
00230         -110000.00     -200.00
00231         -110000.00     -200.00
00232         -110000.00        0.00
00233         -110000.00        0.00
00234         -110000.00        0.00
00235         -110000.00        0.00
00236         -110000.00        0.00
00237         -108000.00        0.00
00238         -110000.00        0.00
00239         -108000.00     -200.00
00240         -108000.00        0.00
00241         -108000.00     -200.00
00242         -108000.00        0.00
00243         -108000.00        0.00
00244         -108000.00        0.00
00245         -108000.00        0.00
00246         -108000.00        0.00
00247         -108000.00        0.00
00248         -108000.00        0.00
00249         -108000.00        0.00
00250         -108000.00        0.00
00251         -108000.00        0.00
00252         -108000.00        0.00
00253         -108000.00        0.00
00254         -108000.00        0.00
00255         -108000.00        0.00
00256         -108000.00        0.00
00257         -108000.00        0.00
00258         -108000.00        0.00
00259         -108000.00        0.00
00260         -108000.00        0.00
00261         -108000.00        0.00
00262         -108000.00     -200.00
00263         -108000.00        0.00
00264         -108000.00        0.00
00265         -108000.00        0.00
00266         -108000.00        0.00
00267         -108000.00        0.00
00268         -108000.00        0.00
00269         -108000.00        0.00
00270         -108000.00        0.00
00271         -108000.00        0.00
00272         -108000.00        0.00
00273         -108000.00        0.00
00274         -108000.00        0.00
00275         -108000.00        0.00
00276         -108000.00        0.00
00277         -108000.00        0.00
00278         -108000.00        0.00
00279         -108000.00        0.00
00280         -108000.00        0.00
00281         -108000.00        0.00
00282         -108000.00        0.00
00283         -108000.00        0.00
00284         -108000.00        0.00
00285         -108000.00        0.00
00286         -108000.00     -200.00
00287         -108000.00        0.00
00288         -108000.00        0.00
00289         -108000.00        0.00
00290         -106000.00        0.00
00291         -106000.00        0.00
00292          100000.00     5400.00
00293          102000.00     4200.00
00294          102000.00     3400.00
00295          102000.00     3000.00
00296          104000.00     2600.00
00297          104000.00     2400.00
00298          104000.00     2200.00
00299          104000.00     2000.00
00300          104000.00     1800.00
00301          104000.00     1600.00
00302          104000.00     1600.00
00303          104000.00     1400.00
00304          104000.00     1200.00
00305          104000.00     1200.00
00306          104000.00     1000.00
00307          104000.00     1000.00
00308          104000.00      800.00
00309          104000.00      800.00
00310          104000.00      800.00
00311          104000.00      600.00
00312          104000.00      600.00
00313          104000.00      400.00
00314          104000.00      400.00
00315          104000.00      400.00
00316          104000.00      400.00
00317          104000.00      400.00
00318          104000.00      200.00
00319          104000.00      400.00
00320          104000.00      200.00
00321          104000.00      200.00
00322          104000.00      200.00
00323          104000.00      200.00
00324          104000.00      200.00
00325          104000.00        0.00
00326          104000.00      200.00
00327          104000.00        0.00
00328          104000.00        0.00
00329          102000.00        0.00
00330          102000.00        0.00
00331          102000.00        0.00
00332          102000.00        0.00
00333          102000.00        0.00
00334          104000.00        0.00
00335          102000.00        0.00
00336          102000.00        0.00
00337          102000.00        0.00
00338          102000.00        0.00
00339          102000.00        0.00
00340          102000.00        0.00
00341          102000.00        0.00
00342          102000.00        0.00
00343          102000.00        0.00
00344          102000.00        0.00
00345          102000.00        0.00
00346          102000.00        0.00
00347          102000.00        0.00
00348          102000.00        0.00
00349          102000.00        0.00
00350          102000.00        0.00
00351          102000.00        0.00
00352          102000.00        0.00
00353          102000.00        0.00
00354          102000.00        0.00
00355          102000.00        0.00
00356          102000.00        0.00
00357          102000.00        0.00
00358          102000.00        0.00
00359          102000.00        0.00
00360          102000.00        0.00
00361          100000.00        0.00
00362          102000.00        0.00
00363          102000.00        0.00
00364          102000.00        0.00
00365          102000.00     -200.00
00366          102000.00        0.00
00367          100000.00        0.00
00368          102000.00        0.00
00369          100000.00        0.00
00370          102000.00        0.00
00371          102000.00        0.00
00372          100000.00        0.00
00373          100000.00        0.00
00374          102000.00        0.00
00375          100000.00        0.00
00376          102000.00        0.00
00377          102000.00        0.00
00378          100000.00        0.00
00379          100000.00        0.00
00380          100000.00        0.00
00381          100000.00        0.00
00382          100000.00        0.00
00383          100000.00        0.00
00384          100000.00     -200.00
00385          100000.00        0.00
00386          100000.00        0.00
00387          100000.00        0.00
00388          100000.00        0.00
00389          100000.00        0.00
00390          100000.00        0.00
00391          100000.00        0.00
00392          100000.00        0.00
00393          100000.00        0.00
00394         -104000.00    -7000.00
00395         -108000.00    -4400.00
00396         -108000.00    -3600.00
00397         -110000.00    -3200.00
00398         -110000.00    -2800.00
00399         -110000.00    -2600.00
00400         -112000.00    -2200.00
00401         -112000.00    -2200.00
00402         -112000.00    -2000.00
00403         -112000.00    -1800.00
00404         -112000.00    -1600.00
00405         -112000.00    -1600.00
00406         -112000.00    -1200.00
00407         -112000.00    -1200.00
00408         -112000.00    -1200.00
00409         -112000.00    -1000.00
00410         -112000.00    -1000.00
00411         -112000.00     -800.00
00412         -112000.00     -800.00
00413         -112000.00     -800.00
00414         -112000.00     -600.00
00415         -112000.00     -600.00
00416         -112000.00     -600.00
00417         -110000.00     -400.00
00418         -110000.00     -400.00
00419         -110000.00     -400.00
00420         -110000.00     -400.00
00421         -110000.00     -200.00
00422         -110000.00     -400.00
00423         -110000.00     -400.00
00424         -110000.00     -200.00
00425         -110000.00     -200.00
00426         -110000.00     -200.00
00427         -110000.00     -200.00
00428         -110000.00     -200.00
00429         -110000.00     -200.00
00430         -110000.00     -200.00
00431         -110000.00     -200.00
00432         -110000.00     -200.00
00433         -110000.00     -200.00
00434         -110000.00     -200.00
00435         -110000.00     -200.00
00436         -110000.00     -200.00
00437         -110000.00     -200.00
00438         -110000.00        0.00
00439         -110000.00     -200.00
00440         -110000.00        0.00
00441         -110000.00     -200.00
00442         -110000.00        0.00
00443         -110000.00        0.00
00444         -110000.00     -200.00
00445         -108000.00        0.00
00446         -108000.00        0.00
00447         -110000.00        0.00
00448         -108000.00     -200.00
00449         -108000.00        0.00
00450         -108000.00        0.00
00451         -108000.00     -200.00
00452         -108000.00        0.00
00453         -108000.00        0.00
00454         -108000.00        0.00
00455         -108000.00     -200.00
00456         -108000.00        0.00
00457         -108000.00        0.00
00458         -108000.00     -200.00
00459         -108000.00        0.00
00460         -108000.00        0.00
00461         -108000.00        0.00
00462         -108000.00        0.00
00463         -108000.00        0.00
00464         -108000.00        0.00
00465         -108000.00     -200.00
00466         -108000.00        0.00
00467         -108000.00        0.00
00468         -108000.00        0.00
00469         -108000.00        0.00
00470         -108000.00        0.00
00471         -108000.00        0.00
00472         -108000.00        0.00
00473         -108000.00        0.00
00474         -108000.00        0.00
00475         -108000.00        0.00
00476         -108000.00        0.00
00477         -108000.00        0.00
00478         -108000.00        0.00
00479         -108000.00        0.00
00480         -108000.00        0.00
00481         -108000.00        0.00
00482         -108000.00        0.00
00483         -108000.00     -200.00
00484         -108000.00        0.00
00485         -108000.00        0.00
00486         -108000.00        0.00
00487         -108000.00     -200.00
00488         -108000.00        0.00
00489         -108000.00        0.00
00490         -108000.00        0.00
00491         -108000.00        0.00
00492         -108000.00        0.00
00493         -108000.00        0.00
00494         -108000.00        0.00
00495         -108000.00        0.00
00496         -108000.00        0.00
00497         -106000.00        0.00
00498         -104000.00        0.00
00499          100000.00     5400.00
00500          102000.00     4000.00
00501          102000.00     3400.00
00502          102000.00     3000.00
00503          104000.00     2600.00
00504          104000.00     2400.00
00505          104000.00     2200.00
00506          104000.00     2000.00
00507          104000.00     1800.00
00508          104000.00     1600.00
00509          104000.00     1400.00
00510          104000.00     1400.00
00511          106000.00     1200.00
00512          104000.00     1000.00
00513          104000.00     1000.00
00514          106000.00     1000.00
00515          104000.00      800.00
00516          104000.00      800.00
00517          104000.00      600.00
00518          104000.00      600.00
00519          104000.00      600.00
00520          104000.00      400.00
00521          104000.00      400.00
00522          104000.00      400.00
00523          104000.00      200.00
00524          104000.00      200.00
00525          104000.00      200.00
00526          104000.00      200.00
00527          104000.00      200.00
00528          104000.00      200.00
00529          104000.00      200.00
00530          104000.00        0.00
00531          104000.00        0.00
00532          104000.00      200.00
00533          104000.00        0.00
00534          102000.00        0.00
00535          104000.00        0.00
00536          104000.00        0.00
00537          102000.00        0.00
00538          104000.00        0.00
00539          102000.00        0.00
00540          102000.00        0.00
00541          102000.00        0.00
00542          102000.00        0.00
00543          102000.00        0.00
00544          102000.00        0.00
00545          102000.00        0.00
00546          102000.00        0.00
00547          102000.00        0.00
00548          102000.00        0.00
00549          102000.00        0.00
00550          102000.00        0.00
00551          102000.00     -200.00
00552          102000.00        0.00
00553          102000.00        0.00
00554          102000.00        0.00
00555          102000.00        0.00
00556          102000.00        0.00
00557          102000.00        0.00
00558          102000.00        0.00
00559          102000.00        0.00
00560          102000.00        0.00
00561          102000.00        0.00
00562          102000.00        0.00
00563          102000.00        0.00
00564          102000.00        0.00
00565          102000.00        0.00
00566          102000.00        0.00
00567          102000.00        0.00
00568          102000.00        0.00
00569          102000.00        0.00
00570          100000.00        0.00
00571          102000.00        0.00
00572          102000.00        0.00
00573          102000.00        0.00
00574          102000.00        0.00
00575          102000.00        0.00
00576          100000.00        0.00
00577          100000.00        0.00
00578          102000.00        0.00
00579          100000.00        0.00
00580          102000.00        0.00
00581          100000.00        0.00
00582          102000.00        0.00
00583          100000.00        0.00
00584          100000.00        0.00
00585          100000.00        0.00
00586          102000.00        0.00
00587          100000.00        0.00
00588          100000.00        0.00
00589          100000.00     -200.00
00590          100000.00        0.00
00591          100000.00        0.00
00592          100000.00        0.00
00593          100000.00        0.00
00594          100000.00        0.00
00595          100000.00        0.00
00596          100000.00        0.00
00597          100000.00        0.00
00598          100000.00        0.00
00599          100000.00        0.00
00600          100000.00        0.00
00601         -104000.00    -7800.00
00602         -108000.00    -4600.00
00603         -108000.00    -3600.00
00604         -110000.00    -3200.00
00605         -110000.00    -3000.00
00606         -110000.00    -2600.00
00607         -110000.00    -2400.00
00608         -112000.00    -2200.00
00609         -112000.00    -2000.00
00610         -112000.00    -1800.00
00611         -112000.00    -1600.00
00612         -112000.00    -1600.00
00613         -112000.00    -1400.00
00614         -112000.00    -1200.00
00615         -112000.00    -1000.00
00616         -112000.00    -1000.00
00617         -112000.00     -800.00
00618         -112000.00     -800.00
00619         -112000.00     -800.00
00620         -112000.00     -600.00
00621         -112000.00     -600.00
00622         -112000.00     -600.00
00623         -112000.00     -600.00
00624         -110000.00     -400.00
00625         -112000.00     -400.00
00626         -110000.00     -400.00
00627         -110000.00     -400.00
00628         -110000.00     -400.00
00629         -110000.00     -400.00
00630         -110000.00     -200.00
00631         -110000.00     -400.00
00632         -110000.00     -200.00
00633         -110000.00     -200.00
00634         -110000.00     -200.00
00635         -110000.00     -200.00
00636         -110000.00     -200.00
00637         -110000.00     -200.00
00638         -110000.00     -200.00
00639         -110000.00     -200.00
00640         -110000.00     -200.00
00641         -110000.00        0.00
00642         -110000.00        0.00
00643         -110000.00     -200.00
00644         -110000.00     -200.00
00645         -110000.00        0.00
00646         -110000.00        0.00
00647         -110000.00        0.00
00648         -110000.00     -200.00
00649         -110000.00     -200.00
00650         -110000.00        0.00
00651         -108000.00        0.00
00652         -108000.00        0.00
00653         -108000.00     -200.00
00654         -108000.00        0.00
00655         -108000.00        0.00
00656         -108000.00        0.00
00657         -108000.00        0.00
00658         -108000.00        0.00
00659         -108000.00        0.00
00660         -108000.00        0.00
00661         -108000.00        0.00
00662         -108000.00        0.00
00663         -108000.00        0.00
00664         -108000.00        0.00
00665         -108000.00        0.00
00666         -108000.00        0.00
00667         -108000.00     -200.00
00668         -108000.00        0.00
00669         -108000.00        0.00
00670         -108000.00        0.00
00671         -108000.00        0.00
00672         -108000.00        0.00
00673         -108000.00        0.00
00674         -108000.00        0.00
00675         -108000.00        0.00
00676         -108000.00     -200.00
00677         -108000.00        0.00
00678         -108000.00        0.00
00679         -108000.00        0.00
00680         -108000.00        0.00
00681         -108000.00        0.00
00682         -108000.00     -200.00
00683         -108000.00        0.00
00684         -108000.00        0.00
00685         -108000.00        0.00
00686         -108000.00        0.00
00687         -108000.00        0.00
00688         -108000.00        0.00
00689         -108000.00        0.00
00690         -108000.00        0.00
00691         -108000.00        0.00
00692         -108000.00        0.00
00693         -108000.00        0.00
00694         -108000.00        0.00
00695         -108000.00        0.00
00696         -108000.00        0.00
00697         -108000.00        0.00
00698         -108000.00        0.00
00699         -108000.00        0.00
00700         -108000.00        0.00
00701         -108000.00        0.00
00702         -108000.00     -200.00
00703         -108000.00        0.00
00704         -106000.00        0.00
00705         -106000.00        0.00
00706           98000.00     5800.00
00707          100000.00     4200.00
00708          102000.00     3400.00
00709          102000.00     3000.00
00710          104000.00     2800.00
00711          104000.00     2400.00
00712          104000.00     2200.00
00713          104000.00     2000.00
00714          104000.00     1800.00
00715          104000.00     1600.00
00716          104000.00     1400.00
00717          104000.00     1200.00
00718          104000.00     1200.00
00719          104000.00     1000.00
00720          104000.00     1000.00
00721          104000.00      800.00
00722          104000.00      800.00
00723          104000.00      800.00
00724          104000.00      600.00
00725          104000.00      600.00
00726          104000.00      600.00
00727          104000.00      400.00
00728          104000.00      400.00
00729          104000.00      400.00
00730          104000.00      400.00
00731          104000.00      400.00
00732          104000.00      200.00
00733          104000.00      200.00
00734          104000.00      200.00
00735          104000.00      200.00
00736          104000.00      200.00
00737          104000.00      200.00
00738          104000.00        0.00
00739          104000.00      200.00
00740          104000.00        0.00
00741          104000.00        0.00
00742          104000.00        0.00
00743          102000.00      200.00
00744          102000.00        0.00
00745          102000.00        0.00
00746          102000.00        0.00
00747          102000.00        0.00
00748          102000.00        0.00
00749          102000.00        0.00
00750          102000.00        0.00
00751          102000.00        0.00
00752          102000.00        0.00
00753          102000.00        0.00
00754          102000.00     -200.00
00755          102000.00        0.00
00756          102000.00        0.00
00757          102000.00        0.00
00758          102000.00        0.00
00759          102000.00        0.00
00760          102000.00        0.00
00761          102000.00        0.00
00762          102000.00        0.00
00763          102000.00        0.00
00764          102000.00        0.00
00765          102000.00        0.00
00766          102000.00        0.00
00767          102000.00        0.00
00768          102000.00        0.00
00769          102000.00        0.00
00770          102000.00     -200.00
00771          102000.00        0.00
00772          102000.00        0.00
00773          102000.00        0.00
00774          102000.00     -200.00
00775          102000.00        0.00
00776          102000.00        0.00
00777          102000.00        0.00
00778          102000.00        0.00
00779          102000.00        0.00
00780          102000.00        0.00
00781          102000.00        0.00
00782          102000.00        0.00
00783          102000.00        0.00
00784          100000.00        0.00
00785          102000.00        0.00
00786          100000.00        0.00
00787          100000.00        0.00
00788          100000.00        0.00
00789          100000.00     -200.00
00790          100000.00        0.00
00791          100000.00        0.00
00792          100000.00        0.00
00793          100000.00        0.00
00794          100000.00        0.00
00795          100000.00        0.00
00796          100000.00        0.00
00797          100000.00        0.00
00798          100000.00     -200.00
00799          100000.00     -200.00
00800          100000.00        0.00
00801          100000.00        0.00
00802          100000.00        0.00
00803          100000.00        0.00
00804          100000.00        0.00
00805          100000.00        0.00
00806          100000.00        0.00
00807          100000.00        0.00
00808         -102000.00    -8800.00
00809         -108000.00    -4600.00
00810         -108000.00    -3800.00
00811         -110000.00    -3200.00
00812         -110000.00    -3000.00
00813         -110000.00    -2600.00
00814         -112000.00    -2400.00
00815         -112000.00    -2200.00
00816         -112000.00    -2000.00
00817         -112000.00    -1800.00
00818         -112000.00    -1600.00
00819         -112000.00    -1600.00
00820         -112000.00    -1400.00
00821         -112000.00    -1200.00
00822         -112000.00    -1000.00
00823         -112000.00    -1000.00
00824         -112000.00    -1000.00
00825         -112000.00     -800.00
00826         -112000.00     -800.00
00827         -112000.00     -800.00
00828         -112000.00     -600.00
00829         -112000.00     -600.00
00830         -112000.00     -600.00
00831         -112000.00     -400.00
00832         -112000.00     -400.00
00833         -112000.00     -400.00
00834         -110000.00     -400.00
00835         -110000.00     -400.00
00836         -110000.00     -400.00
00837         -110000.00     -200.00
00838         -110000.00     -200.00
00839         -110000.00     -200.00
00840         -110000.00     -200.00
00841         -110000.00     -200.00
00842         -110000.00     -200.00
00843         -110000.00     -200.00
00844         -110000.00     -200.00
00845         -110000.00     -200.00
00846         -110000.00     -200.00
00847         -110000.00     -200.00
00848         -110000.00     -200.00
00849         -110000.00     -200.00
00850         -110000.00     -200.00
00851         -110000.00        0.00
00852         -110000.00        0.00
00853         -110000.00        0.00
00854         -110000.00        0.00
00855         -110000.00        0.00
00856         -110000.00        0.00
00857         -110000.00        0.00
00858         -110000.00     -200.00
00859         -108000.00        0.00
00860         -108000.00        0.00
00861         -110000.00        0.00
00862         -108000.00     -200.00
00863         -108000.00        0.00
00864         -108000.00     -200.00
00865         -108000.00        0.00
00866         -108000.00        0.00
00867         -108000.00        0.00
00868         -108000.00        0.00
00869         -108000.00        0.00
00870         -108000.00        0.00
00871         -108000.00        0.00
00872         -108000.00     -200.00
00873         -108000.00        0.00
00874         -108000.00        0.00
00875         -108000.00        0.00
00876         -108000.00        0.00
00877         -108000.00        0.00
00878         -108000.00        0.00
00879         -108000.00     -200.00
00880         -108000.00        0.00
00881         -108000.00        0.00
00882         -108000.00        0.00
00883         -108000.00        0.00
00884         -108000.00        0.00
00885         -108000.00        0.00
00886         -108000.00        0.00
00887         -108000.00     -200.00
00888         -108000.00        0.00
00889         -108000.00     -200.00
00890         -108000.00        0.00
00891         -108000.00     -200.00
00892         -108000.00        0.00
00893         -108000.00        0.00
00894         -108000.00     -200.00
00895         -108000.00        0.00
00896         -108000.00        0.00
00897         -108000.00        0.00
00898         -108000.00        0.00
00899         -108000.00        0.00
00900         -108000.00        0.00
00901         -108000.00        0.00
00902         -108000.00        0.00
00903         -108000.00        0.00
00904         -108000.00     -200.00
00905         -108000.00     -200.00
00906         -108000.00        0.00
00907         -108000.00        0.00
00908         -108000.00        0.00
00909         -108000.00        0.00
00910         -108000.00        0.00
00911         -106000.00        0.00
00912         -106000.00        0.00
00913           98000.00     5600.00
00914          102000.00     4000.00
00915          102000.00     3400.00
00916          104000.00     3000.00
00917          104000.00     2800.00
00918          104000.00     2400.00
00919          104000.00     2200.00
00920          104000.00     2000.00
00921          104000.00     1800.00
00922          104000.00     1600.00
00923          104000.00     1400.00
00924          104000.00     1400.00
00925          104000.00     1200.00
00926          106000.00     1200.00
00927          104000.00     1000.00
00928          104000.00      800.00
00929          104000.00      800.00
00930          104000.00      800.00
00931          104000.00      600.00
00932          104000.00      600.00
00933          104000.00      600.00
00934          104000.00      400.00
00935          104000.00      400.00
00936          104000.00      400.00
00937          104000.00      400.00
00938          104000.00      200.00
00939          104000.00      200.00
00940          104000.00      200.00
00941          104000.00      200.00
00942          104000.00      200.00
00943          104000.00      200.00
00944          104000.00      200.00
00945          104000.00      200.00
00946          104000.00        0.00
00947          104000.00        0.00
00948          104000.00        0.00
00949          104000.00        0.00
00950          102000.00        0.00
00951          104000.00        0.00
00952          102000.00        0.00
00953          102000.00        0.00
00954          102000.00        0.00
00955          102000.00        0.00
00956          102000.00        0.00
00957          102000.00        0.00
00958          102000.00        0.00
00959          102000.00        0.00
00960          102000.00        0.00
00961          102000.00        0.00
00962          102000.00        0.00
00963          102000.00        0.00
00964          102000.00        0.00
00965          102000.00        0.00
00966          102000.00     -200.00
00967          102000.00        0.00
00968          102000.00        0.00
00969          102000.00        0.00
00970          102000.00        0.00
00971          102000.00        0.00
00972          102000.00        0.00
00973          102000.00        0.00
00974          102000.00        0.00
00975          102000.00        0.00
00976          102000.00        0.00
00977          102000.00        0.00
00978          102000.00        0.00
00979          102000.00        0.00
00980          102000.00        0.00
00981          102000.00        0.00
00982          102000.00        0.00
00983          102000.00        0.00
00984          102000.00        0.00
00985          102000.00        0.00
00986          102000.00        0.00
00987          102000.00        0.00
00988          102000.00        0.00
00989          102000.00        0.00
00990          102000.00        0.00
00991          102000.00        0.00
00992          102000.00        0.00
00993          102000.00        0.00
00994          102000.00     -200.00
00995          102000.00        0.00
00996          100000.00        0.00
00997          100000.00        0.00
00998          100000.00     -200.00
00999          100000.00        0.00
01000          100000.00        0.00
