Unit:(mV)
                     CH1         CH2
Frequency      1.132 kHz           ?
Period        883.392 us           ?
00001         -106000.00    -3200.00
00002         -106000.00    -3000.00
00003         -106000.00    -3000.00
00004         -106000.00    -3000.00
00005         -106000.00    -3000.00
00006         -106000.00    -3000.00
00007         -106000.00    -3000.00
00008         -106000.00    -3000.00
00009         -106000.00    -3000.00
00010         -106000.00    -3000.00
00011         -106000.00    -3000.00
00012         -106000.00    -3000.00
00013         -106000.00    -3000.00
00014         -106000.00    -3000.00
00015         -106000.00    -3000.00
00016         -106000.00    -3000.00
00017         -106000.00    -3000.00
00018         -106000.00    -2800.00
00019         -106000.00    -3000.00
00020         -106000.00    -3000.00
00021         -106000.00    -3000.00
00022         -106000.00    -3000.00
00023         -106000.00    -2800.00
00024         -106000.00    -2800.00
00025         -106000.00    -2800.00
00026         -106000.00    -3000.00
00027         -106000.00    -2800.00
00028         -106000.00    -2800.00
00029         -106000.00    -3000.00
00030         -106000.00    -2800.00
00031         -106000.00    -2800.00
00032         -106000.00    -2800.00
00033         -106000.00    -2800.00
00034         -106000.00    -2800.00
00035         -106000.00    -2800.00
00036         -106000.00    -2800.00
00037         -106000.00    -2800.00
00038         -106000.00    -2800.00
00039         -106000.00    -2800.00
00040         -106000.00    -2800.00
00041         -106000.00    -2800.00
00042         -106000.00    -2800.00
00043         -106000.00    -2800.00
00044         -106000.00    -2800.00
00045         -106000.00    -2800.00
00046         -106000.00    -2800.00
00047         -106000.00    -2800.00
00048         -106000.00    -2800.00
00049         -106000.00    -2800.00
00050         -106000.00    -2800.00
00051         -106000.00    -2800.00
00052         -106000.00    -2600.00
00053         -106000.00    -2800.00
00054         -106000.00    -2800.00
00055         -106000.00    -2800.00
00056         -106000.00    -2800.00
00057         -106000.00    -2600.00
00058         -106000.00    -2600.00
00059         -106000.00    -2800.00
00060         -106000.00    -2600.00
00061         -106000.00    -2600.00
00062         -106000.00    -2800.00
00063         -106000.00    -2800.00
00064         -106000.00    -2600.00
00065         -106000.00    -2600.00
00066         -106000.00    -2600.00
00067         -106000.00    -2600.00
00068         -106000.00    -2600.00
00069         -106000.00    -2600.00
00070         -106000.00    -2600.00
00071         -106000.00    -2600.00
00072         -106000.00    -2600.00
00073         -106000.00    -2800.00
00074         -106000.00    -2600.00
00075         -106000.00    -2600.00
00076         -106000.00    -2600.00
00077         -106000.00    -2600.00
00078         -106000.00    -2600.00
00079         -106000.00    -2600.00
00080         -106000.00    -2600.00
00081         -106000.00    -2600.00
00082         -108000.00    -2600.00
00083         -106000.00    -2600.00
00084         -106000.00    -2600.00
00085         -106000.00    -2600.00
00086         -106000.00    -2600.00
00087         -106000.00    -2600.00
00088         -108000.00    -2600.00
00089         -106000.00    -2600.00
00090         -106000.00    -2600.00
00091         -106000.00    -2600.00
00092         -106000.00    -2600.00
00093         -106000.00    -2600.00
00094         -106000.00    -2600.00
00095         -106000.00    -2400.00
00096         -102000.00    -2200.00
00097           90000.00    11200.00
00098           92000.00    11000.00
00099           92000.00    10800.00
00100           92000.00    10800.00
00101           92000.00    10400.00
00102           92000.00    10200.00
00103           92000.00    10000.00
00104           94000.00     9800.00
00105           94000.00     9600.00
00106           94000.00     9400.00
00107           94000.00     9200.00
00108           94000.00     9000.00
00109           94000.00     8800.00
00110           94000.00     8600.00
00111           94000.00     8600.00
00112           94000.00     8400.00
00113           94000.00     8200.00
00114           94000.00     8000.00
00115           94000.00     8000.00
00116           96000.00     7800.00
00117           96000.00     7600.00
00118           96000.00     7400.00
00119           96000.00     7400.00
00120           96000.00     7200.00
00121           96000.00     7200.00
00122           96000.00     7000.00
00123           96000.00     7000.00
00124           96000.00     6800.00
00125           96000.00     6600.00
00126           96000.00     6600.00
00127           96000.00     6400.00
00128           96000.00     6400.00
00129           96000.00     6400.00
00130           96000.00     6200.00
00131           96000.00     6000.00
00132           96000.00     6000.00
00133           96000.00     6000.00
00134           96000.00     5800.00
00135           98000.00     5800.00
00136           96000.00     5600.00
00137           96000.00     5600.00
00138           96000.00     5600.00
00139           98000.00     5600.00
00140           98000.00     5400.00
00141           98000.00     5400.00
00142           98000.00     5400.00
00143           98000.00     5200.00
00144           98000.00     5200.00
00145           98000.00     5000.00
00146           98000.00     5000.00
00147           98000.00     5000.00
00148           98000.00     5000.00
00149           98000.00     4800.00
00150           98000.00     4800.00
00151           98000.00     4800.00
00152           98000.00     4800.00
00153           98000.00     4800.00
00154           98000.00     4600.00
00155           98000.00     4600.00
00156           98000.00     4600.00
00157           98000.00     4600.00
00158           98000.00     4400.00
00159           98000.00     4400.00
00160           98000.00     4400.00
00161           98000.00     4400.00
00162           98000.00     4400.00
00163           98000.00     4400.00
00164           98000.00     4200.00
00165           98000.00     4200.00
00166           98000.00     4200.00
00167           98000.00     4200.00
00168           98000.00     4200.00
00169           98000.00     4000.00
00170           98000.00     4200.00
00171           98000.00     4000.00
00172           98000.00     4000.00
00173           98000.00     4000.00
00174           98000.00     4000.00
00175           98000.00     4000.00
00176           98000.00     4000.00
00177           98000.00     3800.00
00178           98000.00     3800.00
00179           98000.00     3800.00
00180          100000.00     3800.00
00181           98000.00     3800.00
00182          100000.00     3800.00
00183          100000.00     3800.00
00184           98000.00     3600.00
00185          100000.00     3600.00
00186           98000.00     3800.00
00187           98000.00     3600.00
00188          100000.00     3600.00
00189          100000.00     3600.00
00190          100000.00     3600.00
00191          100000.00     3600.00
00192           98000.00     3600.00
00193          100000.00     3600.00
00194          100000.00     3600.00
00195          100000.00     3400.00
00196          100000.00     3600.00
00197          100000.00     3600.00
00198          100000.00     3400.00
00199          100000.00     3400.00
00200          100000.00     3400.00
00201          100000.00     3400.00
00202          100000.00     3400.00
00203          100000.00     3400.00
00204          100000.00     3400.00
00205          100000.00     3400.00
00206          100000.00     3400.00
00207          100000.00     3200.00
00208          100000.00     3200.00
00209          100000.00     3400.00
00210          100000.00     3400.00
00211          100000.00     3200.00
00212          100000.00     3200.00
00213          100000.00     3200.00
00214          100000.00     3200.00
00215          100000.00     3200.00
00216          100000.00     3200.00
00217          100000.00     3200.00
00218          100000.00     3200.00
00219          100000.00     3200.00
00220          100000.00     3200.00
00221          100000.00     3200.00
00222          100000.00     3200.00
00223          100000.00     3200.00
00224          100000.00     3200.00
00225          100000.00     3200.00
00226          100000.00     3200.00
00227          100000.00     3000.00
00228          100000.00     3200.00
00229          100000.00     3000.00
00230          100000.00     3000.00
00231          100000.00     3200.00
00232          100000.00     3000.00
00233          100000.00     3000.00
00234          100000.00     3000.00
00235          100000.00     3000.00
00236          100000.00     3000.00
00237          100000.00     3000.00
00238          100000.00     3000.00
00239          100000.00     3000.00
00240          100000.00     3000.00
00241          100000.00     3000.00
00242          100000.00     3000.00
00243          100000.00     3000.00
00244          100000.00     3000.00
00245          100000.00     3000.00
00246          100000.00     3000.00
00247          100000.00     3000.00
00248          100000.00     3000.00
00249          100000.00     2800.00
00250          100000.00     3000.00
00251          100000.00     3000.00
00252          100000.00     3000.00
00253          100000.00     2800.00
00254          100000.00     2800.00
00255          100000.00     3000.00
00256          100000.00     3000.00
00257          100000.00     3000.00
00258          100000.00     2800.00
00259          100000.00     2800.00
00260          100000.00     2800.00
00261          100000.00     2800.00
00262          100000.00     2800.00
00263          100000.00     2800.00
00264          100000.00     2800.00
00265          100000.00     2800.00
00266          100000.00     2800.00
00267          100000.00     2800.00
00268          100000.00     2800.00
00269          100000.00     2800.00
00270          100000.00     2800.00
00271          100000.00     2800.00
00272          100000.00     2800.00
00273          100000.00     2800.00
00274          100000.00     2800.00
00275          100000.00     2800.00
00276          100000.00     2800.00
00277          100000.00     2800.00
00278          100000.00     2800.00
00279          100000.00     2600.00
00280          100000.00     2800.00
00281          100000.00     2800.00
00282          100000.00     2800.00
00283          100000.00     2800.00
00284          100000.00     2800.00
00285          100000.00     2800.00
00286          100000.00     2600.00
00287          100000.00     2800.00
00288          100000.00     2800.00
00289          100000.00     2800.00
00290          100000.00     2800.00
00291          100000.00     2600.00
00292          100000.00     2600.00
00293          100000.00     2600.00
00294          100000.00     2600.00
00295          100000.00     2600.00
00296          100000.00     2600.00
00297          100000.00     2600.00
00298          100000.00     2600.00
00299          100000.00     2600.00
00300          100000.00     2800.00
00301          100000.00     2600.00
00302          100000.00     2600.00
00303          100000.00     2600.00
00304          100000.00     2600.00
00305          100000.00     2600.00
00306          100000.00     2600.00
00307          100000.00     2600.00
00308          100000.00     2600.00
00309          100000.00     2600.00
00310          100000.00     2600.00
00311          100000.00     2600.00
00312          100000.00     2600.00
00313          100000.00     2600.00
00314           98000.00     2400.00
00315          -98000.00   -11200.00
00316          -98000.00   -11000.00
00317          -98000.00   -10800.00
00318          -98000.00   -10600.00
00319         -100000.00   -10400.00
00320         -100000.00   -10200.00
00321         -100000.00   -10000.00
00322         -100000.00    -9800.00
00323         -100000.00    -9600.00
00324         -100000.00    -9400.00
00325         -100000.00    -9200.00
00326         -100000.00    -9000.00
00327         -100000.00    -8800.00
00328         -100000.00    -8600.00
00329         -100000.00    -8400.00
00330         -100000.00    -8400.00
00331         -102000.00    -8200.00
00332         -102000.00    -8000.00
00333         -102000.00    -8000.00
00334         -102000.00    -7800.00
00335         -102000.00    -7600.00
00336         -102000.00    -7400.00
00337         -102000.00    -7400.00
00338         -102000.00    -7200.00
00339         -102000.00    -7000.00
00340         -102000.00    -7000.00
00341         -102000.00    -6800.00
00342         -102000.00    -6800.00
00343         -102000.00    -6600.00
00344         -102000.00    -6600.00
00345         -104000.00    -6400.00
00346         -102000.00    -6400.00
00347         -104000.00    -6200.00
00348         -104000.00    -6200.00
00349         -104000.00    -6200.00
00350         -104000.00    -6000.00
00351         -104000.00    -6000.00
00352         -104000.00    -5800.00
00353         -104000.00    -5800.00
00354         -104000.00    -5600.00
00355         -104000.00    -5600.00
00356         -104000.00    -5600.00
00357         -104000.00    -5400.00
00358         -104000.00    -5400.00
00359         -104000.00    -5400.00
00360         -104000.00    -5200.00
00361         -104000.00    -5200.00
00362         -104000.00    -5200.00
00363         -104000.00    -5200.00
00364         -104000.00    -5000.00
00365         -104000.00    -5000.00
00366         -104000.00    -5000.00
00367         -104000.00    -4800.00
00368         -104000.00    -4800.00
00369         -104000.00    -4800.00
00370         -104000.00    -4800.00
00371         -104000.00    -4600.00
00372         -104000.00    -4600.00
00373         -104000.00    -4600.00
00374         -104000.00    -4600.00
00375         -104000.00    -4600.00
00376         -106000.00    -4600.00
00377         -106000.00    -4400.00
00378         -106000.00    -4400.00
00379         -104000.00    -4400.00
00380         -104000.00    -4200.00
00381         -104000.00    -4200.00
00382         -106000.00    -4200.00
00383         -106000.00    -4200.00
00384         -106000.00    -4200.00
00385         -104000.00    -4200.00
00386         -106000.00    -4000.00
00387         -106000.00    -4000.00
00388         -106000.00    -4000.00
00389         -106000.00    -4000.00
00390         -106000.00    -4000.00
00391         -106000.00    -4000.00
00392         -106000.00    -3800.00
00393         -106000.00    -3800.00
00394         -106000.00    -4000.00
00395         -106000.00    -4000.00
00396         -106000.00    -3800.00
00397         -106000.00    -3800.00
00398         -106000.00    -3800.00
00399         -106000.00    -3800.00
00400         -106000.00    -3800.00
00401         -106000.00    -3600.00
00402         -106000.00    -3600.00
00403         -106000.00    -3600.00
00404         -106000.00    -3600.00
00405         -106000.00    -3600.00
00406         -106000.00    -3600.00
00407         -106000.00    -3600.00
00408         -106000.00    -3600.00
00409         -106000.00    -3600.00
00410         -106000.00    -3600.00
00411         -106000.00    -3600.00
00412         -106000.00    -3600.00
00413         -106000.00    -3600.00
00414         -106000.00    -3400.00
00415         -106000.00    -3400.00
00416         -106000.00    -3400.00
00417         -106000.00    -3400.00
00418         -106000.00    -3400.00
00419         -106000.00    -3400.00
00420         -106000.00    -3400.00
00421         -106000.00    -3400.00
00422         -106000.00    -3400.00
00423         -106000.00    -3400.00
00424         -106000.00    -3200.00
00425         -106000.00    -3400.00
00426         -106000.00    -3200.00
00427         -106000.00    -3200.00
00428         -106000.00    -3200.00
00429         -106000.00    -3200.00
00430         -106000.00    -3200.00
00431         -106000.00    -3200.00
00432         -106000.00    -3200.00
00433         -106000.00    -3200.00
00434         -106000.00    -3200.00
00435         -106000.00    -3200.00
00436         -106000.00    -3200.00
00437         -106000.00    -3200.00
00438         -106000.00    -3200.00
00439         -106000.00    -3200.00
00440         -106000.00    -3200.00
00441         -106000.00    -3200.00
00442         -106000.00    -3200.00
00443         -106000.00    -3000.00
00444         -106000.00    -3000.00
00445         -106000.00    -3000.00
00446         -106000.00    -3000.00
00447         -106000.00    -3000.00
00448         -106000.00    -3000.00
00449         -106000.00    -3000.00
00450         -106000.00    -3000.00
00451         -106000.00    -3000.00
00452         -106000.00    -3000.00
00453         -106000.00    -3000.00
00454         -106000.00    -3000.00
00455         -106000.00    -3000.00
00456         -106000.00    -3000.00
00457         -106000.00    -3000.00
00458         -106000.00    -3000.00
00459         -106000.00    -3000.00
00460         -106000.00    -3000.00
00461         -106000.00    -3000.00
00462         -106000.00    -3000.00
00463         -106000.00    -2800.00
00464         -106000.00    -2800.00
00465         -106000.00    -2800.00
00466         -106000.00    -2800.00
00467         -106000.00    -2800.00
00468         -106000.00    -3000.00
00469         -106000.00    -2800.00
00470         -106000.00    -2800.00
00471         -106000.00    -3000.00
00472         -106000.00    -2800.00
00473         -106000.00    -2800.00
00474         -106000.00    -3000.00
00475         -106000.00    -2800.00
00476         -106000.00    -2800.00
00477         -106000.00    -2800.00
00478         -106000.00    -2800.00
00479         -106000.00    -2800.00
00480         -106000.00    -2800.00
00481         -106000.00    -2800.00
00482         -106000.00    -2800.00
00483         -106000.00    -2800.00
00484         -106000.00    -2800.00
00485         -106000.00    -2800.00
00486         -106000.00    -2800.00
00487         -106000.00    -2800.00
00488         -106000.00    -2800.00
00489         -106000.00    -2800.00
00490         -106000.00    -2600.00
00491         -106000.00    -2800.00
00492         -106000.00    -2800.00
00493         -106000.00    -2800.00
00494         -106000.00    -2800.00
00495         -106000.00    -2800.00
00496         -106000.00    -2800.00
00497         -106000.00    -2800.00
00498         -106000.00    -2600.00
00499         -106000.00    -2800.00
00500         -106000.00    -2800.00
00501         -106000.00    -2800.00
00502         -106000.00    -2800.00
00503         -106000.00    -2600.00
00504         -106000.00    -2600.00
00505         -106000.00    -2600.00
00506         -106000.00    -2600.00
00507         -106000.00    -2600.00
00508         -106000.00    -2600.00
00509         -106000.00    -2600.00
00510         -106000.00    -2600.00
00511         -106000.00    -2600.00
00512         -106000.00    -2600.00
00513         -106000.00    -2600.00
00514         -106000.00    -2600.00
00515         -108000.00    -2600.00
00516         -106000.00    -2600.00
00517         -106000.00    -2600.00
00518         -106000.00    -2600.00
00519         -108000.00    -2600.00
00520         -106000.00    -2600.00
00521         -106000.00    -2600.00
00522         -106000.00    -2600.00
00523         -106000.00    -2600.00
00524         -106000.00    -2600.00
00525         -106000.00    -2600.00
00526         -108000.00    -2600.00
00527         -106000.00    -2600.00
00528         -108000.00    -2600.00
00529         -108000.00    -2600.00
00530         -106000.00    -2600.00
00531         -106000.00    -2600.00
00532         -106000.00    -2600.00
00533         -106000.00    -2600.00
00534         -106000.00    -2600.00
00535         -106000.00    -2400.00
00536         -106000.00    -2600.00
00537         -104000.00    -2400.00
00538         -102000.00    -2200.00
00539           92000.00    11200.00
00540           92000.00    11000.00
00541           92000.00    10800.00
00542           92000.00    10600.00
00543           92000.00    10400.00
00544           92000.00    10000.00
00545           94000.00    10000.00
00546           94000.00     9800.00
00547           94000.00     9600.00
00548           94000.00     9400.00
00549           94000.00     9200.00
00550           94000.00     9000.00
00551           94000.00     8800.00
00552           94000.00     8600.00
00553           94000.00     8400.00
00554           94000.00     8400.00
00555           94000.00     8200.00
00556           94000.00     8000.00
00557           94000.00     7800.00
00558           94000.00     7800.00
00559           96000.00     7600.00
00560           96000.00     7600.00
00561           96000.00     7400.00
00562           96000.00     7200.00
00563           96000.00     7200.00
00564           96000.00     7000.00
00565           96000.00     6800.00
00566           96000.00     6800.00
00567           96000.00     6600.00
00568           96000.00     6600.00
00569           96000.00     6400.00
00570           96000.00     6400.00
00571           96000.00     6200.00
00572           96000.00     6200.00
00573           96000.00     6200.00
00574           96000.00     6000.00
00575           96000.00     6000.00
00576           96000.00     5800.00
00577           96000.00     5800.00
00578           96000.00     5600.00
00579           98000.00     5600.00
00580           98000.00     5600.00
00581           98000.00     5400.00
00582           98000.00     5400.00
00583           98000.00     5400.00
00584           98000.00     5200.00
00585           98000.00     5200.00
00586           98000.00     5200.00
00587           98000.00     5200.00
00588           98000.00     5000.00
00589           98000.00     5000.00
00590           98000.00     5000.00
00591           98000.00     4800.00
00592           98000.00     4800.00
00593           98000.00     4800.00
00594           98000.00     4800.00
00595           98000.00     4600.00
00596           98000.00     4600.00
00597           98000.00     4600.00
00598           98000.00     4400.00
00599           98000.00     4400.00
00600           98000.00     4600.00
00601           98000.00     4400.00
00602           98000.00     4400.00
00603           98000.00     4400.00
00604           98000.00     4200.00
00605           98000.00     4200.00
00606           98000.00     4400.00
00607           98000.00     4200.00
00608           98000.00     4200.00
00609           98000.00     4200.00
00610           98000.00     4200.00
00611           98000.00     4000.00
00612           98000.00     4000.00
00613           98000.00     4000.00
00614           98000.00     4000.00
00615           98000.00     4000.00
00616           98000.00     4000.00
00617           98000.00     4000.00
00618           98000.00     3800.00
00619           98000.00     3800.00
00620           98000.00     3800.00
00621           98000.00     3800.00
00622           98000.00     3800.00
00623           98000.00     3800.00
00624           98000.00     3800.00
00625           98000.00     3800.00
00626           98000.00     3800.00
00627          100000.00     3600.00
00628           98000.00     3600.00
00629          100000.00     3600.00
00630          100000.00     3600.00
00631          100000.00     3600.00
00632          100000.00     3600.00
00633          100000.00     3600.00
00634           98000.00     3600.00
00635          100000.00     3600.00
00636          100000.00     3600.00
00637          100000.00     3600.00
00638          100000.00     3400.00
00639          100000.00     3400.00
00640          100000.00     3400.00
00641          100000.00     3400.00
00642          100000.00     3400.00
00643          100000.00     3400.00
00644          100000.00     3400.00
00645          100000.00     3400.00
00646          100000.00     3400.00
00647          100000.00     3400.00
00648          100000.00     3400.00
00649          100000.00     3400.00
00650          100000.00     3400.00
00651          100000.00     3400.00
00652          100000.00     3200.00
00653          100000.00     3200.00
00654          100000.00     3200.00
00655          100000.00     3200.00
00656          100000.00     3200.00
00657          100000.00     3200.00
00658          100000.00     3200.00
00659          100000.00     3200.00
00660          100000.00     3200.00
00661          100000.00     3200.00
00662          100000.00     3200.00
00663          100000.00     3200.00
00664          100000.00     3200.00
00665          100000.00     3200.00
00666          100000.00     3200.00
00667          100000.00     3200.00
00668          100000.00     3200.00
00669          100000.00     3200.00
00670          100000.00     3000.00
00671          100000.00     3000.00
00672          100000.00     3000.00
00673          100000.00     3000.00
00674          100000.00     3000.00
00675          100000.00     3000.00
00676          100000.00     3000.00
00677          100000.00     3000.00
00678          100000.00     3000.00
00679          100000.00     3000.00
00680          100000.00     3000.00
00681          100000.00     3000.00
00682          100000.00     3000.00
00683          100000.00     3000.00
00684          100000.00     3000.00
00685          100000.00     3000.00
00686          100000.00     3000.00
00687          100000.00     3000.00
00688          100000.00     3000.00
00689          100000.00     2800.00
00690          100000.00     3000.00
00691          100000.00     3000.00
00692          100000.00     3000.00
00693          100000.00     3000.00
00694          100000.00     3000.00
00695          100000.00     2800.00
00696          100000.00     2800.00
00697          100000.00     3000.00
00698          100000.00     3000.00
00699          100000.00     2800.00
00700          100000.00     2800.00
00701          100000.00     2800.00
00702          100000.00     2800.00
00703          100000.00     2800.00
00704          100000.00     2800.00
00705          100000.00     2800.00
00706          100000.00     2800.00
00707          100000.00     2800.00
00708          100000.00     2800.00
00709          100000.00     2800.00
00710          100000.00     2800.00
00711          100000.00     2800.00
00712          100000.00     2800.00
00713          100000.00     2800.00
00714          100000.00     2800.00
00715          100000.00     2800.00
00716          100000.00     2800.00
00717          100000.00     2800.00
00718          100000.00     2600.00
00719          100000.00     2800.00
00720          100000.00     2800.00
00721          100000.00     2800.00
00722          100000.00     2800.00
00723          100000.00     2800.00
00724          100000.00     2600.00
00725          100000.00     2600.00
00726          100000.00     2600.00
00727          100000.00     2600.00
00728          100000.00     2600.00
00729          100000.00     2600.00
00730          100000.00     2600.00
00731          100000.00     2800.00
00732          100000.00     2800.00
00733          100000.00     2600.00
00734          100000.00     2600.00
00735          100000.00     2600.00
00736          100000.00     2600.00
00737          100000.00     2600.00
00738          100000.00     2600.00
00739          100000.00     2600.00
00740          100000.00     2600.00
00741          100000.00     2600.00
00742          100000.00     2600.00
00743          100000.00     2600.00
00744          100000.00     2600.00
00745          100000.00     2600.00
00746          100000.00     2600.00
00747          100000.00     2600.00
00748          100000.00     2600.00
00749          100000.00     2600.00
00750          100000.00     2600.00
00751          100000.00     2600.00
00752          100000.00     2600.00
00753          100000.00     2600.00
00754          100000.00     2600.00
00755          100000.00     2400.00
00756           98000.00     2400.00
00757          -98000.00   -11200.00
00758          -98000.00   -11000.00
00759          -98000.00   -10800.00
00760          -98000.00   -10600.00
00761         -100000.00   -10400.00
00762         -100000.00   -10200.00
00763         -100000.00   -10000.00
00764         -100000.00    -9800.00
00765         -100000.00    -9600.00
00766         -100000.00    -9400.00
00767         -100000.00    -9200.00
00768         -100000.00    -9000.00
00769         -100000.00    -8800.00
00770         -100000.00    -8600.00
00771         -100000.00    -8400.00
00772         -102000.00    -8200.00
00773         -102000.00    -8200.00
00774         -102000.00    -8000.00
00775         -102000.00    -7800.00
00776         -102000.00    -7800.00
00777         -102000.00    -7600.00
00778         -102000.00    -7400.00
00779         -102000.00    -7200.00
00780         -102000.00    -7200.00
00781         -102000.00    -7200.00
00782         -102000.00    -7000.00
00783         -102000.00    -7000.00
00784         -102000.00    -6800.00
00785         -102000.00    -6800.00
00786         -102000.00    -6600.00
00787         -102000.00    -6400.00
00788         -104000.00    -6400.00
00789         -104000.00    -6400.00
00790         -102000.00    -6200.00
00791         -104000.00    -6200.00
00792         -104000.00    -6000.00
00793         -104000.00    -5800.00
00794         -104000.00    -5800.00
00795         -104000.00    -5800.00
00796         -104000.00    -5800.00
00797         -104000.00    -5600.00
00798         -104000.00    -5600.00
00799         -104000.00    -5400.00
00800         -104000.00    -5400.00
00801         -104000.00    -5200.00
00802         -104000.00    -5200.00
00803         -104000.00    -5200.00
00804         -104000.00    -5200.00
00805         -104000.00    -5000.00
00806         -104000.00    -5000.00
00807         -104000.00    -5000.00
00808         -104000.00    -4800.00
00809         -104000.00    -4800.00
00810         -104000.00    -4800.00
00811         -104000.00    -4800.00
00812         -104000.00    -4600.00
00813         -104000.00    -4600.00
00814         -104000.00    -4600.00
00815         -104000.00    -4600.00
00816         -104000.00    -4600.00
00817         -104000.00    -4600.00
00818         -104000.00    -4400.00
00819         -106000.00    -4400.00
00820         -104000.00    -4400.00
00821         -104000.00    -4400.00
00822         -104000.00    -4400.00
00823         -106000.00    -4200.00
00824         -106000.00    -4200.00
00825         -106000.00    -4200.00
00826         -106000.00    -4200.00
00827         -106000.00    -4200.00
00828         -106000.00    -4000.00
00829         -106000.00    -4000.00
00830         -106000.00    -4000.00
00831         -106000.00    -4000.00
00832         -106000.00    -4000.00
00833         -106000.00    -4000.00
00834         -106000.00    -4000.00
00835         -106000.00    -4000.00
00836         -106000.00    -3800.00
00837         -106000.00    -3800.00
00838         -106000.00    -3800.00
00839         -106000.00    -3800.00
00840         -106000.00    -3800.00
00841         -106000.00    -3800.00
00842         -106000.00    -3800.00
00843         -106000.00    -3800.00
00844         -106000.00    -3800.00
00845         -106000.00    -3600.00
00846         -106000.00    -3600.00
00847         -106000.00    -3600.00
00848         -106000.00    -3600.00
00849         -106000.00    -3600.00
00850         -106000.00    -3600.00
00851         -106000.00    -3600.00
00852         -106000.00    -3600.00
00853         -106000.00    -3600.00
00854         -106000.00    -3400.00
00855         -106000.00    -3400.00
00856         -106000.00    -3400.00
00857         -106000.00    -3400.00
00858         -106000.00    -3400.00
00859         -106000.00    -3400.00
00860         -106000.00    -3400.00
00861         -106000.00    -3400.00
00862         -106000.00    -3400.00
00863         -106000.00    -3400.00
00864         -106000.00    -3400.00
00865         -106000.00    -3200.00
00866         -106000.00    -3400.00
00867         -106000.00    -3400.00
00868         -106000.00    -3200.00
00869         -106000.00    -3200.00
00870         -106000.00    -3200.00
00871         -106000.00    -3200.00
00872         -106000.00    -3200.00
00873         -106000.00    -3200.00
00874         -106000.00    -3200.00
00875         -106000.00    -3200.00
00876         -106000.00    -3200.00
00877         -106000.00    -3200.00
00878         -106000.00    -3200.00
00879         -106000.00    -3200.00
00880         -106000.00    -3000.00
00881         -106000.00    -3200.00
00882         -106000.00    -3000.00
00883         -106000.00    -3200.00
00884         -106000.00    -3000.00
00885         -106000.00    -3000.00
00886         -106000.00    -3200.00
00887         -106000.00    -3000.00
00888         -106000.00    -3000.00
00889         -106000.00    -3000.00
00890         -106000.00    -3000.00
00891         -106000.00    -3000.00
00892         -106000.00    -3000.00
00893         -106000.00    -3000.00
00894         -106000.00    -3000.00
00895         -106000.00    -3000.00
00896         -106000.00    -3000.00
00897         -106000.00    -3000.00
00898         -106000.00    -3000.00
00899         -106000.00    -3000.00
00900         -106000.00    -3000.00
00901         -106000.00    -2800.00
00902         -106000.00    -2800.00
00903         -106000.00    -3000.00
00904         -106000.00    -3000.00
00905         -106000.00    -2800.00
00906         -106000.00    -2800.00
00907         -106000.00    -2800.00
00908         -106000.00    -3000.00
00909         -106000.00    -3000.00
00910         -106000.00    -3000.00
00911         -106000.00    -2800.00
00912         -106000.00    -2800.00
00913         -106000.00    -3000.00
00914         -106000.00    -2800.00
00915         -106000.00    -2800.00
00916         -106000.00    -2800.00
00917         -106000.00    -2800.00
00918         -106000.00    -2800.00
00919         -106000.00    -2800.00
00920         -106000.00    -2800.00
00921         -106000.00    -2800.00
00922         -106000.00    -2800.00
00923         -106000.00    -2800.00
00924         -106000.00    -2800.00
00925         -106000.00    -2800.00
00926         -106000.00    -2800.00
00927         -106000.00    -2800.00
00928         -106000.00    -2800.00
00929         -106000.00    -2800.00
00930         -106000.00    -2800.00
00931         -106000.00    -2600.00
00932         -106000.00    -2800.00
00933         -106000.00    -2800.00
00934         -106000.00    -2800.00
00935         -106000.00    -2800.00
00936         -106000.00    -2800.00
00937         -106000.00    -2800.00
00938         -106000.00    -2800.00
00939         -106000.00    -2600.00
00940         -106000.00    -2800.00
00941         -106000.00    -2600.00
00942         -106000.00    -2600.00
00943         -106000.00    -2600.00
00944         -106000.00    -2600.00
00945         -106000.00    -2600.00
00946         -106000.00    -2600.00
00947         -106000.00    -2800.00
00948         -106000.00    -2600.00
00949         -106000.00    -2600.00
00950         -106000.00    -2600.00
00951         -106000.00    -2600.00
00952         -106000.00    -2600.00
00953         -106000.00    -2600.00
00954         -106000.00    -2600.00
00955         -106000.00    -2600.00
00956         -106000.00    -2600.00
00957         -106000.00    -2600.00
00958         -106000.00    -2600.00
00959         -106000.00    -2600.00
00960         -106000.00    -2600.00
00961         -106000.00    -2600.00
00962         -106000.00    -2600.00
00963         -106000.00    -2600.00
00964         -106000.00    -2600.00
00965         -106000.00    -2600.00
00966         -106000.00    -2600.00
00967         -106000.00    -2600.00
00968         -106000.00    -2600.00
00969         -108000.00    -2600.00
00970         -106000.00    -2600.00
00971         -106000.00    -2600.00
00972         -106000.00    -2600.00
00973         -106000.00    -2600.00
00974         -106000.00    -2600.00
00975         -106000.00    -2600.00
00976         -106000.00    -2600.00
00977         -106000.00    -2600.00
00978         -106000.00    -2600.00
00979         -104000.00    -2400.00
00980         -100000.00    -2000.00
00981           92000.00    11200.00
00982           92000.00    11000.00
00983           92000.00    10800.00
00984           92000.00    10600.00
00985           92000.00    10200.00
00986           92000.00    10200.00
00987           94000.00    10000.00
00988           94000.00     9800.00
00989           94000.00     9600.00
00990           94000.00     9400.00
00991           94000.00     9200.00
00992           94000.00     9000.00
00993           94000.00     8800.00
00994           94000.00     8600.00
00995           94000.00     8400.00
00996           94000.00     8400.00
00997           94000.00     8200.00
00998           94000.00     8000.00
00999           96000.00     7800.00
01000           96000.00     7800.00
