Unit:(mV)
                     CH1         CH2
Frequency      25.596 Hz           ?
Period         39.069 ms           ?
00001          102000.00        0.00
00002          102000.00        0.00
00003          102000.00        0.00
00004          102000.00        0.00
00005          102000.00        0.00
00006          102000.00        0.00
00007          102000.00        0.00
00008         -100000.00   -11600.00
00009         -104000.00    -5600.00
00010         -106000.00    -4600.00
00011         -108000.00    -4200.00
00012         -108000.00    -3800.00
00013         -108000.00    -3400.00
00014         -108000.00    -3200.00
00015         -108000.00    -3200.00
00016         -108000.00    -2800.00
00017         -110000.00    -2600.00
00018         -110000.00    -2600.00
00019         -110000.00    -2600.00
00020         -110000.00    -2400.00
00021         -110000.00    -2200.00
00022         -110000.00    -2200.00
00023         -110000.00    -2000.00
00024         -110000.00    -2000.00
00025         -110000.00    -1800.00
00026         -110000.00    -1800.00
00027         -110000.00    -1600.00
00028         -112000.00    -1600.00
00029         -110000.00    -1600.00
00030         -110000.00    -1400.00
00031         -110000.00    -1400.00
00032         -110000.00    -1200.00
00033         -110000.00    -1200.00
00034         -110000.00    -1200.00
00035         -110000.00    -1200.00
00036         -110000.00    -1000.00
00037         -110000.00    -1200.00
00038         -110000.00    -1000.00
00039         -110000.00    -1000.00
00040         -110000.00    -1000.00
00041         -110000.00     -800.00
00042         -110000.00     -800.00
00043         -110000.00     -800.00
00044         -110000.00     -800.00
00045         -110000.00     -600.00
00046         -110000.00     -800.00
00047         -110000.00     -600.00
00048         -110000.00     -600.00
00049         -110000.00     -600.00
00050         -110000.00     -600.00
00051         -110000.00     -600.00
00052         -110000.00     -600.00
00053         -110000.00     -400.00
00054         -110000.00     -400.00
00055         -110000.00     -400.00
00056         -110000.00     -400.00
00057         -110000.00     -400.00
00058         -110000.00     -400.00
00059         -110000.00     -400.00
00060         -110000.00     -400.00
00061         -110000.00     -400.00
00062         -110000.00     -200.00
00063         -110000.00     -200.00
00064         -110000.00     -200.00
00065         -110000.00     -200.00
00066         -110000.00     -400.00
00067         -110000.00     -200.00
00068         -110000.00     -200.00
00069         -110000.00     -200.00
00070         -110000.00     -200.00
00071         -110000.00     -400.00
00072         -110000.00     -200.00
00073         -110000.00     -200.00
00074         -110000.00     -200.00
00075         -110000.00     -200.00
00076         -110000.00     -200.00
00077         -110000.00     -200.00
00078         -110000.00     -200.00
00079         -110000.00     -200.00
00080         -110000.00     -200.00
00081         -110000.00     -200.00
00082         -110000.00        0.00
00083         -110000.00     -200.00
00084         -110000.00     -200.00
00085         -110000.00     -200.00
00086         -110000.00     -200.00
00087         -110000.00     -200.00
00088         -110000.00        0.00
00089         -110000.00     -200.00
00090         -110000.00     -200.00
00091         -110000.00        0.00
00092         -110000.00        0.00
00093         -110000.00        0.00
00094         -110000.00        0.00
00095         -110000.00        0.00
00096         -108000.00        0.00
00097         -108000.00     -200.00
00098         -108000.00        0.00
00099         -110000.00        0.00
00100         -108000.00        0.00
00101         -108000.00        0.00
00102         -108000.00        0.00
00103         -108000.00        0.00
00104         -108000.00        0.00
00105         -108000.00        0.00
00106         -108000.00        0.00
00107         -106000.00        0.00
00108           96000.00     6800.00
00109           98000.00     5000.00
00110          100000.00     4200.00
00111          100000.00     3800.00
00112          100000.00     3600.00
00113          100000.00     3200.00
00114          102000.00     3200.00
00115          102000.00     3000.00
00116          102000.00     2800.00
00117          102000.00     2600.00
00118          102000.00     2400.00
00119          102000.00     2400.00
00120          102000.00     2200.00
00121          104000.00     2200.00
00122          104000.00     2000.00
00123          104000.00     2000.00
00124          104000.00     1800.00
00125          104000.00     1800.00
00126          104000.00     1800.00
00127          104000.00     1600.00
00128          104000.00     1600.00
00129          104000.00     1400.00
00130          104000.00     1400.00
00131          104000.00     1400.00
00132          104000.00     1200.00
00133          104000.00     1200.00
00134          104000.00     1200.00
00135          104000.00     1000.00
00136          104000.00     1000.00
00137          104000.00     1000.00
00138          104000.00     1000.00
00139          104000.00     1000.00
00140          104000.00      800.00
00141          104000.00      800.00
00142          104000.00      800.00
00143          104000.00      800.00
00144          104000.00      600.00
00145          104000.00      600.00
00146          104000.00      600.00
00147          104000.00      600.00
00148          104000.00      600.00
00149          104000.00      400.00
00150          104000.00      600.00
00151          104000.00      600.00
00152          104000.00      400.00
00153          104000.00      400.00
00154          104000.00      400.00
00155          104000.00      400.00
00156          104000.00      400.00
00157          104000.00      400.00
00158          104000.00      400.00
00159          104000.00      400.00
00160          104000.00      200.00
00161          104000.00      400.00
00162          104000.00      200.00
00163          104000.00      200.00
00164          104000.00      200.00
00165          104000.00      200.00
00166          104000.00      200.00
00167          102000.00      200.00
00168          102000.00      200.00
00169          102000.00      200.00
00170          104000.00      200.00
00171          102000.00      200.00
00172          102000.00      200.00
00173          102000.00      200.00
00174          102000.00        0.00
00175          102000.00      200.00
00176          102000.00        0.00
00177          102000.00      200.00
00178          102000.00        0.00
00179          102000.00      200.00
00180          102000.00        0.00
00181          102000.00        0.00
00182          102000.00        0.00
00183          102000.00        0.00
00184          102000.00        0.00
00185          102000.00        0.00
00186          102000.00        0.00
00187          102000.00        0.00
00188          102000.00        0.00
00189          102000.00        0.00
00190          102000.00      200.00
00191          102000.00        0.00
00192          102000.00        0.00
00193          102000.00        0.00
00194          102000.00        0.00
00195          102000.00      200.00
00196          102000.00        0.00
00197          102000.00        0.00
00198          102000.00        0.00
00199          102000.00        0.00
00200          102000.00        0.00
00201          102000.00        0.00
00202          102000.00        0.00
00203          100000.00        0.00
00204         -104000.00    -6200.00
00205         -106000.00    -4800.00
00206         -106000.00    -4200.00
00207         -108000.00    -3800.00
00208         -108000.00    -3600.00
00209         -108000.00    -3400.00
00210         -108000.00    -3200.00
00211         -108000.00    -3000.00
00212         -110000.00    -2800.00
00213         -110000.00    -2800.00
00214         -110000.00    -2600.00
00215         -110000.00    -2400.00
00216         -110000.00    -2200.00
00217         -110000.00    -2200.00
00218         -110000.00    -2000.00
00219         -110000.00    -2000.00
00220         -110000.00    -1800.00
00221         -110000.00    -1800.00
00222         -110000.00    -1800.00
00223         -110000.00    -1600.00
00224         -110000.00    -1600.00
00225         -110000.00    -1600.00
00226         -110000.00    -1400.00
00227         -110000.00    -1400.00
00228         -110000.00    -1200.00
00229         -110000.00    -1200.00
00230         -110000.00    -1200.00
00231         -110000.00    -1200.00
00232         -112000.00    -1000.00
00233         -110000.00    -1000.00
00234         -110000.00    -1000.00
00235         -112000.00     -800.00
00236         -110000.00     -800.00
00237         -110000.00     -800.00
00238         -110000.00     -800.00
00239         -110000.00     -600.00
00240         -110000.00     -600.00
00241         -110000.00     -600.00
00242         -110000.00     -600.00
00243         -110000.00     -600.00
00244         -110000.00     -600.00
00245         -110000.00     -600.00
00246         -110000.00     -600.00
00247         -110000.00     -600.00
00248         -110000.00     -400.00
00249         -110000.00     -400.00
00250         -110000.00     -400.00
00251         -110000.00     -400.00
00252         -110000.00     -400.00
00253         -110000.00     -400.00
00254         -110000.00     -400.00
00255         -110000.00     -400.00
00256         -110000.00     -400.00
00257         -110000.00     -400.00
00258         -110000.00     -200.00
00259         -110000.00     -400.00
00260         -110000.00     -400.00
00261         -110000.00     -200.00
00262         -110000.00     -200.00
00263         -110000.00     -200.00
00264         -110000.00     -200.00
00265         -110000.00     -200.00
00266         -110000.00     -200.00
00267         -110000.00     -200.00
00268         -110000.00     -200.00
00269         -110000.00     -200.00
00270         -110000.00     -200.00
00271         -110000.00     -200.00
00272         -110000.00     -200.00
00273         -110000.00     -200.00
00274         -110000.00     -200.00
00275         -110000.00     -200.00
00276         -110000.00     -200.00
00277         -110000.00     -200.00
00278         -110000.00     -200.00
00279         -110000.00     -200.00
00280         -110000.00     -200.00
00281         -110000.00     -200.00
00282         -110000.00     -200.00
00283         -110000.00        0.00
00284         -110000.00     -200.00
00285         -110000.00        0.00
00286         -110000.00        0.00
00287         -110000.00        0.00
00288         -110000.00        0.00
00289         -110000.00     -200.00
00290         -110000.00     -200.00
00291         -110000.00        0.00
00292         -110000.00        0.00
00293         -110000.00        0.00
00294         -110000.00        0.00
00295         -110000.00        0.00
00296         -110000.00        0.00
00297         -108000.00        0.00
00298         -108000.00        0.00
00299         -108000.00        0.00
00300         -108000.00        0.00
00301         -108000.00        0.00
00302         -108000.00        0.00
00303           94000.00     9000.00
00304           98000.00     5200.00
00305          100000.00     4400.00
00306          100000.00     4000.00
00307          100000.00     3600.00
00308          100000.00     3400.00
00309          102000.00     3200.00
00310          102000.00     3000.00
00311          102000.00     2800.00
00312          102000.00     2800.00
00313          102000.00     2600.00
00314          102000.00     2400.00
00315          102000.00     2200.00
00316          102000.00     2200.00
00317          104000.00     2000.00
00318          104000.00     2000.00
00319          104000.00     1800.00
00320          104000.00     1800.00
00321          104000.00     1600.00
00322          104000.00     1600.00
00323          104000.00     1600.00
00324          104000.00     1400.00
00325          104000.00     1400.00
00326          104000.00     1200.00
00327          104000.00     1200.00
00328          104000.00     1200.00
00329          104000.00     1200.00
00330          104000.00     1200.00
00331          104000.00     1000.00
00332          104000.00     1000.00
00333          104000.00     1000.00
00334          104000.00     1000.00
00335          104000.00      800.00
00336          104000.00      800.00
00337          104000.00      800.00
00338          104000.00      800.00
00339          104000.00      800.00
00340          104000.00      600.00
00341          104000.00      600.00
00342          104000.00      600.00
00343          104000.00      600.00
00344          104000.00      600.00
00345          104000.00      600.00
00346          104000.00      400.00
00347          104000.00      600.00
00348          104000.00      400.00
00349          104000.00      400.00
00350          104000.00      400.00
00351          104000.00      400.00
00352          104000.00      400.00
00353          104000.00      400.00
00354          104000.00      400.00
00355          104000.00      400.00
00356          104000.00      200.00
00357          104000.00      200.00
00358          104000.00      200.00
00359          104000.00      200.00
00360          104000.00      200.00
00361          104000.00      200.00
00362          104000.00      200.00
00363          102000.00      200.00
00364          104000.00      200.00
00365          102000.00      200.00
00366          102000.00      200.00
00367          102000.00      200.00
00368          102000.00      200.00
00369          104000.00      200.00
00370          102000.00      200.00
00371          102000.00      200.00
00372          102000.00      200.00
00373          102000.00      200.00
00374          102000.00      200.00
00375          102000.00        0.00
00376          102000.00        0.00
00377          102000.00        0.00
00378          102000.00      200.00
00379          102000.00      200.00
00380          102000.00        0.00
00381          102000.00      200.00
00382          102000.00        0.00
00383          102000.00        0.00
00384          102000.00        0.00
00385          102000.00        0.00
00386          102000.00        0.00
00387          102000.00        0.00
00388          102000.00        0.00
00389          102000.00        0.00
00390          102000.00        0.00
00391          102000.00        0.00
00392          102000.00        0.00
00393          102000.00        0.00
00394          102000.00        0.00
00395          102000.00        0.00
00396          102000.00        0.00
00397          102000.00        0.00
00398          100000.00     -200.00
00399         -102000.00    -7800.00
00400         -106000.00    -5000.00
00401         -106000.00    -4400.00
00402         -106000.00    -4000.00
00403         -108000.00    -3600.00
00404         -108000.00    -3400.00
00405         -108000.00    -3200.00
00406         -108000.00    -3000.00
00407         -110000.00    -2800.00
00408         -110000.00    -2600.00
00409         -110000.00    -2400.00
00410         -110000.00    -2400.00
00411         -110000.00    -2200.00
00412         -110000.00    -2200.00
00413         -110000.00    -2000.00
00414         -110000.00    -2000.00
00415         -110000.00    -1800.00
00416         -110000.00    -1800.00
00417         -110000.00    -1800.00
00418         -110000.00    -1600.00
00419         -110000.00    -1600.00
00420         -110000.00    -1600.00
00421         -110000.00    -1400.00
00422         -110000.00    -1400.00
00423         -110000.00    -1400.00
00424         -110000.00    -1400.00
00425         -110000.00    -1200.00
00426         -112000.00    -1200.00
00427         -112000.00    -1200.00
00428         -110000.00    -1000.00
00429         -110000.00    -1000.00
00430         -110000.00    -1000.00
00431         -110000.00     -800.00
00432         -110000.00     -800.00
00433         -112000.00     -800.00
00434         -110000.00     -800.00
00435         -110000.00     -800.00
00436         -110000.00     -600.00
00437         -110000.00     -800.00
00438         -110000.00     -600.00
00439         -110000.00     -600.00
00440         -110000.00     -600.00
00441         -110000.00     -600.00
00442         -110000.00     -600.00
00443         -110000.00     -400.00
00444         -110000.00     -600.00
00445         -110000.00     -600.00
00446         -110000.00     -400.00
00447         -110000.00     -400.00
00448         -110000.00     -400.00
00449         -110000.00     -400.00
00450         -110000.00     -400.00
00451         -110000.00     -200.00
00452         -110000.00     -400.00
00453         -110000.00     -400.00
00454         -110000.00     -200.00
00455         -110000.00     -200.00
00456         -110000.00     -400.00
00457         -110000.00     -200.00
00458         -110000.00     -200.00
00459         -110000.00     -200.00
00460         -110000.00     -200.00
00461         -110000.00     -200.00
00462         -110000.00     -200.00
00463         -110000.00     -200.00
00464         -110000.00     -200.00
00465         -110000.00     -200.00
00466         -110000.00     -200.00
00467         -110000.00     -200.00
00468         -110000.00     -200.00
00469         -110000.00        0.00
00470         -110000.00     -200.00
00471         -110000.00     -200.00
00472         -110000.00     -200.00
00473         -110000.00     -200.00
00474         -110000.00     -200.00
00475         -110000.00     -200.00
00476         -110000.00     -200.00
00477         -110000.00        0.00
00478         -110000.00        0.00
00479         -110000.00     -200.00
00480         -110000.00        0.00
00481         -110000.00        0.00
00482         -110000.00        0.00
00483         -110000.00        0.00
00484         -110000.00        0.00
00485         -110000.00        0.00
00486         -108000.00        0.00
00487         -110000.00        0.00
00488         -108000.00        0.00
00489         -108000.00        0.00
00490         -108000.00        0.00
00491         -110000.00        0.00
00492         -110000.00        0.00
00493         -110000.00        0.00
00494         -108000.00        0.00
00495         -108000.00        0.00
00496         -108000.00        0.00
00497         -108000.00        0.00
00498         -104000.00      200.00
00499           98000.00     5800.00
00500           98000.00     4600.00
00501          100000.00     4200.00
00502          100000.00     3800.00
00503          100000.00     3400.00
00504          102000.00     3400.00
00505          102000.00     3000.00
00506          102000.00     2800.00
00507          102000.00     2800.00
00508          102000.00     2600.00
00509          102000.00     2400.00
00510          104000.00     2400.00
00511          104000.00     2200.00
00512          104000.00     2000.00
00513          104000.00     2000.00
00514          104000.00     2000.00
00515          104000.00     1800.00
00516          104000.00     1800.00
00517          104000.00     1600.00
00518          104000.00     1600.00
00519          104000.00     1600.00
00520          104000.00     1400.00
00521          104000.00     1400.00
00522          104000.00     1400.00
00523          104000.00     1400.00
00524          104000.00     1200.00
00525          104000.00     1200.00
00526          104000.00     1000.00
00527          104000.00     1000.00
00528          104000.00     1000.00
00529          104000.00     1000.00
00530          104000.00      800.00
00531          104000.00      800.00
00532          104000.00      800.00
00533          104000.00      800.00
00534          104000.00      800.00
00535          104000.00      800.00
00536          104000.00      600.00
00537          104000.00      600.00
00538          104000.00      600.00
00539          104000.00      600.00
00540          104000.00      600.00
00541          104000.00      600.00
00542          104000.00      400.00
00543          104000.00      600.00
00544          104000.00      400.00
00545          104000.00      400.00
00546          104000.00      400.00
00547          104000.00      400.00
00548          104000.00      400.00
00549          104000.00      400.00
00550          104000.00      400.00
00551          104000.00      400.00
00552          104000.00      400.00
00553          104000.00      200.00
00554          104000.00      200.00
00555          104000.00      200.00
00556          102000.00      200.00
00557          102000.00      200.00
00558          102000.00      200.00
00559          104000.00      200.00
00560          102000.00      200.00
00561          102000.00      200.00
00562          102000.00      200.00
00563          102000.00      200.00
00564          102000.00      200.00
00565          102000.00      200.00
00566          102000.00      200.00
00567          102000.00      200.00
00568          102000.00      200.00
00569          102000.00        0.00
00570          102000.00        0.00
00571          102000.00      200.00
00572          102000.00        0.00
00573          102000.00      200.00
00574          102000.00        0.00
00575          102000.00        0.00
00576          102000.00        0.00
00577          102000.00        0.00
00578          102000.00        0.00
00579          102000.00        0.00
00580          102000.00        0.00
00581          102000.00      200.00
00582          102000.00        0.00
00583          102000.00        0.00
00584          102000.00        0.00
00585          102000.00        0.00
00586          102000.00        0.00
00587          102000.00        0.00
00588          102000.00        0.00
00589          102000.00        0.00
00590          102000.00        0.00
00591          102000.00        0.00
00592          102000.00        0.00
00593          102000.00        0.00
00594          -98000.00   -13000.00
00595         -104000.00    -5600.00
00596         -106000.00    -4600.00
00597         -106000.00    -4200.00
00598         -108000.00    -3800.00
00599         -108000.00    -3400.00
00600         -108000.00    -3200.00
00601         -108000.00    -3000.00
00602         -108000.00    -2800.00
00603         -110000.00    -2800.00
00604         -110000.00    -2400.00
00605         -110000.00    -2400.00
00606         -110000.00    -2400.00
00607         -110000.00    -2200.00
00608         -110000.00    -2200.00
00609         -110000.00    -2000.00
00610         -110000.00    -2000.00
00611         -110000.00    -1800.00
00612         -110000.00    -1800.00
00613         -112000.00    -1800.00
00614         -110000.00    -1600.00
00615         -110000.00    -1600.00
00616         -110000.00    -1400.00
00617         -110000.00    -1400.00
00618         -110000.00    -1400.00
00619         -110000.00    -1200.00
00620         -110000.00    -1200.00
00621         -110000.00    -1200.00
00622         -110000.00    -1000.00
00623         -110000.00    -1000.00
00624         -110000.00    -1000.00
00625         -110000.00    -1000.00
00626         -110000.00    -1000.00
00627         -110000.00     -800.00
00628         -110000.00     -800.00
00629         -110000.00     -800.00
00630         -110000.00     -800.00
00631         -110000.00     -800.00
00632         -110000.00     -800.00
00633         -110000.00     -600.00
00634         -110000.00     -600.00
00635         -110000.00     -600.00
00636         -110000.00     -600.00
00637         -110000.00     -600.00
00638         -110000.00     -400.00
00639         -110000.00     -400.00
00640         -110000.00     -400.00
00641         -110000.00     -400.00
00642         -110000.00     -400.00
00643         -110000.00     -400.00
00644         -110000.00     -400.00
00645         -110000.00     -400.00
00646         -110000.00     -400.00
00647         -110000.00     -400.00
00648         -110000.00     -400.00
00649         -110000.00     -400.00
00650         -110000.00     -200.00
00651         -110000.00     -200.00
00652         -110000.00     -200.00
00653         -110000.00     -400.00
00654         -110000.00     -200.00
00655         -110000.00     -200.00
00656         -110000.00     -200.00
00657         -110000.00     -200.00
00658         -110000.00     -200.00
00659         -110000.00     -200.00
00660         -110000.00     -200.00
00661         -110000.00     -200.00
00662         -110000.00     -200.00
00663         -110000.00        0.00
00664         -110000.00     -200.00
00665         -110000.00     -200.00
00666         -110000.00     -200.00
00667         -110000.00     -200.00
00668         -110000.00     -200.00
00669         -110000.00     -200.00
00670         -110000.00     -200.00
00671         -110000.00     -200.00
00672         -110000.00     -200.00
00673         -110000.00     -200.00
00674         -110000.00     -200.00
00675         -110000.00     -200.00
00676         -110000.00     -200.00
00677         -110000.00        0.00
00678         -110000.00        0.00
00679         -110000.00        0.00
00680         -110000.00        0.00
00681         -110000.00     -200.00
00682         -108000.00        0.00
00683         -108000.00        0.00
00684         -108000.00        0.00
00685         -108000.00     -200.00
00686         -110000.00        0.00
00687         -110000.00     -200.00
00688         -108000.00        0.00
00689         -108000.00        0.00
00690         -108000.00     -200.00
00691         -108000.00        0.00
00692         -108000.00        0.00
00693         -106000.00        0.00
00694           96000.00     7000.00
00695           98000.00     4800.00
00696          100000.00     4400.00
00697          100000.00     4000.00
00698          100000.00     3600.00
00699          102000.00     3200.00
00700          102000.00     3000.00
00701          102000.00     3000.00
00702          102000.00     2800.00
00703          102000.00     2600.00
00704          102000.00     2600.00
00705          102000.00     2400.00
00706          104000.00     2200.00
00707          104000.00     2000.00
00708          104000.00     2000.00
00709          104000.00     2000.00
00710          104000.00     1800.00
00711          104000.00     1800.00
00712          104000.00     1800.00
00713          104000.00     1600.00
00714          104000.00     1400.00
00715          104000.00     1400.00
00716          104000.00     1400.00
00717          104000.00     1400.00
00718          104000.00     1200.00
00719          104000.00     1200.00
00720          104000.00     1200.00
00721          104000.00     1000.00
00722          104000.00     1000.00
00723          104000.00     1000.00
00724          104000.00     1000.00
00725          104000.00     1000.00
00726          104000.00      800.00
00727          104000.00      800.00
00728          104000.00      800.00
00729          104000.00      800.00
00730          104000.00      600.00
00731          104000.00      800.00
00732          104000.00      600.00
00733          104000.00      600.00
00734          104000.00      600.00
00735          104000.00      600.00
00736          104000.00      600.00
00737          104000.00      600.00
00738          104000.00      400.00
00739          104000.00      400.00
00740          104000.00      400.00
00741          104000.00      400.00
00742          104000.00      400.00
00743          104000.00      400.00
00744          104000.00      400.00
00745          104000.00      400.00
00746          104000.00      400.00
00747          104000.00      400.00
00748          104000.00      200.00
00749          104000.00      200.00
00750          104000.00      200.00
00751          104000.00      200.00
00752          102000.00      200.00
00753          104000.00      200.00
00754          104000.00      200.00
00755          102000.00      200.00
00756          104000.00      200.00
00757          102000.00      200.00
00758          104000.00      200.00
00759          102000.00      200.00
00760          102000.00      200.00
00761          102000.00      200.00
00762          102000.00      200.00
00763          102000.00      200.00
00764          102000.00      200.00
00765          102000.00        0.00
00766          102000.00      200.00
00767          102000.00        0.00
00768          102000.00      200.00
00769          102000.00      200.00
00770          102000.00      200.00
00771          102000.00        0.00
00772          102000.00        0.00
00773          102000.00      200.00
00774          102000.00        0.00
00775          102000.00      200.00
00776          102000.00        0.00
00777          102000.00        0.00
00778          102000.00      200.00
00779          102000.00        0.00
00780          102000.00        0.00
00781          102000.00        0.00
00782          102000.00        0.00
00783          102000.00        0.00
00784          102000.00        0.00
00785          102000.00        0.00
00786          102000.00        0.00
00787          102000.00        0.00
00788          102000.00        0.00
00789          100000.00     -200.00
00790         -104000.00    -6400.00
00791         -106000.00    -4800.00
00792         -106000.00    -4200.00
00793         -108000.00    -3800.00
00794         -108000.00    -3600.00
00795         -108000.00    -3200.00
00796         -108000.00    -3000.00
00797         -108000.00    -2800.00
00798         -110000.00    -2800.00
00799         -110000.00    -2600.00
00800         -110000.00    -2400.00
00801         -110000.00    -2400.00
00802         -110000.00    -2200.00
00803         -110000.00    -2200.00
00804         -110000.00    -2000.00
00805         -110000.00    -2000.00
00806         -110000.00    -1800.00
00807         -110000.00    -1800.00
00808         -110000.00    -1800.00
00809         -110000.00    -1600.00
00810         -110000.00    -1600.00
00811         -110000.00    -1400.00
00812         -110000.00    -1400.00
00813         -110000.00    -1400.00
00814         -110000.00    -1400.00
00815         -112000.00    -1200.00
00816         -110000.00    -1200.00
00817         -110000.00    -1000.00
00818         -110000.00    -1000.00
00819         -110000.00    -1000.00
00820         -110000.00    -1000.00
00821         -110000.00    -1000.00
00822         -110000.00     -800.00
00823         -110000.00     -800.00
00824         -110000.00     -800.00
00825         -110000.00     -800.00
00826         -110000.00     -800.00
00827         -110000.00     -800.00
00828         -110000.00     -600.00
00829         -110000.00     -600.00
00830         -110000.00     -600.00
00831         -110000.00     -600.00
00832         -110000.00     -600.00
00833         -110000.00     -600.00
00834         -110000.00     -400.00
00835         -110000.00     -400.00
00836         -110000.00     -400.00
00837         -110000.00     -400.00
00838         -110000.00     -400.00
00839         -110000.00     -400.00
00840         -110000.00     -400.00
00841         -110000.00     -400.00
00842         -110000.00     -400.00
00843         -110000.00     -400.00
00844         -110000.00     -400.00
00845         -110000.00     -200.00
00846         -110000.00     -200.00
00847         -110000.00     -200.00
00848         -110000.00     -200.00
00849         -110000.00     -200.00
00850         -110000.00     -200.00
00851         -110000.00     -200.00
00852         -110000.00     -200.00
00853         -110000.00     -200.00
00854         -110000.00     -200.00
00855         -110000.00     -200.00
00856         -110000.00     -200.00
00857         -110000.00     -200.00
00858         -110000.00     -200.00
00859         -110000.00     -200.00
00860         -110000.00     -200.00
00861         -110000.00     -200.00
00862         -110000.00     -200.00
00863         -110000.00        0.00
00864         -110000.00     -200.00
00865         -110000.00     -200.00
00866         -110000.00        0.00
00867         -110000.00        0.00
00868         -110000.00     -200.00
00869         -110000.00        0.00
00870         -110000.00     -200.00
00871         -110000.00        0.00
00872         -110000.00     -200.00
00873         -110000.00     -200.00
00874         -110000.00        0.00
00875         -110000.00        0.00
00876         -110000.00        0.00
00877         -110000.00        0.00
00878         -110000.00        0.00
00879         -108000.00        0.00
00880         -110000.00        0.00
00881         -108000.00        0.00
00882         -108000.00        0.00
00883         -110000.00     -200.00
00884         -108000.00        0.00
00885         -108000.00        0.00
00886         -108000.00     -200.00
00887         -108000.00        0.00
00888         -108000.00        0.00
00889           94000.00    10000.00
00890           98000.00     5400.00
00891          100000.00     4600.00
00892          100000.00     4000.00
00893          100000.00     3600.00
00894          100000.00     3400.00
00895          102000.00     3200.00
00896          102000.00     3000.00
00897          102000.00     2800.00
00898          102000.00     2600.00
00899          102000.00     2600.00
00900          102000.00     2400.00
00901          102000.00     2200.00
00902          104000.00     2200.00
00903          104000.00     2000.00
00904          104000.00     2000.00
00905          104000.00     1800.00
00906          104000.00     1800.00
00907          104000.00     1600.00
00908          104000.00     1600.00
00909          104000.00     1600.00
00910          104000.00     1400.00
00911          104000.00     1400.00
00912          104000.00     1400.00
00913          104000.00     1200.00
00914          104000.00     1200.00
00915          104000.00     1200.00
00916          104000.00     1000.00
00917          104000.00     1000.00
00918          104000.00     1000.00
00919          104000.00     1000.00
00920          104000.00      800.00
00921          104000.00      800.00
00922          104000.00      800.00
00923          104000.00      800.00
00924          104000.00      800.00
00925          104000.00      600.00
00926          104000.00      600.00
00927          104000.00      600.00
00928          104000.00      600.00
00929          104000.00      600.00
00930          104000.00      400.00
00931          104000.00      400.00
00932          104000.00      600.00
00933          104000.00      400.00
00934          104000.00      400.00
00935          104000.00      400.00
00936          104000.00      400.00
00937          104000.00      400.00
00938          104000.00      400.00
00939          104000.00      400.00
00940          104000.00      400.00
00941          104000.00      200.00
00942          104000.00      400.00
00943          104000.00      200.00
00944          104000.00      200.00
00945          102000.00      200.00
00946          102000.00      200.00
00947          102000.00      200.00
00948          102000.00      200.00
00949          102000.00      200.00
00950          102000.00      200.00
00951          102000.00      200.00
00952          102000.00      200.00
00953          102000.00      200.00
00954          102000.00      200.00
00955          102000.00      200.00
00956          104000.00      200.00
00957          102000.00      200.00
00958          102000.00      200.00
00959          102000.00      200.00
00960          102000.00      200.00
00961          102000.00      200.00
00962          102000.00      200.00
00963          102000.00        0.00
00964          102000.00        0.00
00965          102000.00      200.00
00966          102000.00        0.00
00967          102000.00        0.00
00968          102000.00        0.00
00969          102000.00        0.00
00970          102000.00        0.00
00971          102000.00        0.00
00972          102000.00        0.00
00973          102000.00        0.00
00974          102000.00        0.00
00975          102000.00        0.00
00976          102000.00        0.00
00977          102000.00        0.00
00978          102000.00        0.00
00979          102000.00        0.00
00980          102000.00        0.00
00981          102000.00        0.00
00982          102000.00        0.00
00983          102000.00        0.00
00984          100000.00        0.00
00985         -102000.00    -8600.00
00986         -106000.00    -5200.00
00987         -106000.00    -4400.00
00988         -106000.00    -4000.00
00989         -108000.00    -3600.00
00990         -108000.00    -3400.00
00991         -108000.00    -3200.00
00992         -108000.00    -3000.00
00993         -110000.00    -2800.00
00994         -110000.00    -2600.00
00995         -110000.00    -2600.00
00996         -110000.00    -2400.00
00997         -110000.00    -2200.00
00998         -110000.00    -2200.00
00999         -110000.00    -2000.00
01000         -110000.00    -2000.00
