Unit:(mV)
                     CH1         CH2
Frequency     38.243 kHz           ?
Period         26.149 us           ?
00001         -102000.00    -6800.00
00002         -102000.00    -6600.00
00003         -102000.00    -6800.00
00004         -102000.00    -6800.00
00005         -102000.00    -6800.00
00006         -102000.00    -6800.00
00007         -102000.00    -6800.00
00008         -102000.00    -6800.00
00009         -104000.00    -6600.00
00010         -102000.00    -6800.00
00011         -104000.00    -6800.00
00012         -102000.00    -6800.00
00013         -102000.00    -6800.00
00014         -102000.00    -6800.00
00015         -104000.00    -6800.00
00016         -102000.00    -6600.00
00017         -104000.00    -6600.00
00018         -102000.00    -6600.00
00019         -104000.00    -6800.00
00020         -102000.00    -6600.00
00021         -102000.00    -6600.00
00022         -102000.00    -6600.00
00023         -104000.00    -6600.00
00024         -102000.00    -6600.00
00025         -102000.00    -6600.00
00026         -102000.00    -6600.00
00027         -104000.00    -6600.00
00028         -102000.00    -6600.00
00029         -102000.00    -6600.00
00030         -102000.00    -6600.00
00031         -102000.00    -6600.00
00032         -102000.00    -6600.00
00033         -104000.00    -6600.00
00034         -102000.00    -6600.00
00035         -104000.00    -6600.00
00036         -102000.00    -6600.00
00037         -102000.00    -6600.00
00038         -102000.00    -6600.00
00039         -104000.00    -6600.00
00040         -102000.00    -6600.00
00041         -102000.00    -6400.00
00042         -102000.00    -6400.00
00043         -102000.00    -6400.00
00044          -98000.00    -6200.00
00045           54000.00     4000.00
00046           90000.00     7200.00
00047           94000.00     7400.00
00048           94000.00     7400.00
00049           96000.00     7400.00
00050           94000.00     7400.00
00051           96000.00     7400.00
00052           94000.00     7400.00
00053           94000.00     7400.00
00054           94000.00     7400.00
00055           94000.00     7400.00
00056           94000.00     7400.00
00057           94000.00     7400.00
00058           94000.00     7200.00
00059           94000.00     7400.00
00060           94000.00     7200.00
00061           96000.00     7200.00
00062           94000.00     7200.00
00063           94000.00     7200.00
00064           94000.00     7400.00
00065           96000.00     7400.00
00066           94000.00     7200.00
00067           96000.00     7200.00
00068           94000.00     7200.00
00069           96000.00     7200.00
00070           94000.00     7200.00
00071           96000.00     7200.00
00072           94000.00     7200.00
00073           96000.00     7200.00
00074           94000.00     7200.00
00075           96000.00     7200.00
00076           94000.00     7200.00
00077           96000.00     7200.00
00078           96000.00     7200.00
00079           96000.00     7200.00
00080           94000.00     7200.00
00081           96000.00     7200.00
00082           96000.00     7200.00
00083           96000.00     7200.00
00084           94000.00     7200.00
00085           96000.00     7200.00
00086           96000.00     7200.00
00087           96000.00     7200.00
00088           96000.00     7200.00
00089           96000.00     7200.00
00090           96000.00     7200.00
00091           96000.00     7200.00
00092           94000.00     7200.00
00093           96000.00     7200.00
00094           96000.00     7200.00
00095           96000.00     7200.00
00096           96000.00     7200.00
00097           96000.00     7200.00
00098           96000.00     7200.00
00099           96000.00     7200.00
00100           96000.00     7200.00
00101           96000.00     7200.00
00102           96000.00     7200.00
00103           96000.00     7200.00
00104           96000.00     7200.00
00105           96000.00     7200.00
00106           96000.00     7000.00
00107           96000.00     7000.00
00108           96000.00     7200.00
00109           96000.00     7000.00
00110           96000.00     7000.00
00111           96000.00     7200.00
00112           96000.00     7000.00
00113           96000.00     7000.00
00114           96000.00     7000.00
00115           96000.00     7000.00
00116           96000.00     7000.00
00117           96000.00     7000.00
00118           96000.00     7000.00
00119           96000.00     7000.00
00120           96000.00     7000.00
00121           96000.00     7000.00
00122           96000.00     7000.00
00123           96000.00     7000.00
00124           96000.00     7000.00
00125           96000.00     7000.00
00126           96000.00     7000.00
00127           96000.00     7000.00
00128           96000.00     7000.00
00129           96000.00     7000.00
00130           96000.00     7000.00
00131           96000.00     7000.00
00132           96000.00     7000.00
00133           96000.00     7000.00
00134           96000.00     7000.00
00135           96000.00     7000.00
00136           96000.00     7000.00
00137           96000.00     7000.00
00138           96000.00     7000.00
00139           96000.00     7000.00
00140           96000.00     6800.00
00141           96000.00     7000.00
00142           96000.00     6800.00
00143           96000.00     6800.00
00144           96000.00     6800.00
00145           96000.00     6800.00
00146           96000.00     6800.00
00147           96000.00     6800.00
00148           96000.00     6800.00
00149           96000.00     6800.00
00150           96000.00     6800.00
00151           96000.00     6800.00
00152           96000.00     6800.00
00153           96000.00     6800.00
00154           96000.00     6800.00
00155           96000.00     6800.00
00156           96000.00     6800.00
00157           96000.00     6800.00
00158           96000.00     6800.00
00159           96000.00     6800.00
00160           96000.00     6800.00
00161           96000.00     6800.00
00162           96000.00     6800.00
00163           96000.00     6800.00
00164           96000.00     6800.00
00165           96000.00     6800.00
00166           96000.00     6600.00
00167           96000.00     6600.00
00168           96000.00     6600.00
00169           96000.00     6600.00
00170           96000.00     6600.00
00171           96000.00     6600.00
00172           94000.00     6600.00
00173           92000.00     6400.00
00174          -76000.00    -5200.00
00175         -100000.00    -7000.00
00176         -102000.00    -7200.00
00177         -102000.00    -7200.00
00178         -102000.00    -7200.00
00179         -102000.00    -7200.00
00180         -102000.00    -7200.00
00181         -102000.00    -7200.00
00182         -102000.00    -7200.00
00183         -102000.00    -7200.00
00184         -102000.00    -7200.00
00185         -102000.00    -7200.00
00186         -102000.00    -7200.00
00187         -102000.00    -7200.00
00188         -102000.00    -7000.00
00189         -102000.00    -7000.00
00190         -102000.00    -7000.00
00191         -102000.00    -7000.00
00192         -102000.00    -7000.00
00193         -102000.00    -7000.00
00194         -102000.00    -7000.00
00195         -102000.00    -7000.00
00196         -102000.00    -7000.00
00197         -102000.00    -7000.00
00198         -102000.00    -7000.00
00199         -102000.00    -7000.00
00200         -102000.00    -7000.00
00201         -102000.00    -7000.00
00202         -102000.00    -7000.00
00203         -102000.00    -7000.00
00204         -102000.00    -7000.00
00205         -102000.00    -7000.00
00206         -102000.00    -7000.00
00207         -102000.00    -7000.00
00208         -102000.00    -7000.00
00209         -102000.00    -7000.00
00210         -102000.00    -7000.00
00211         -102000.00    -7000.00
00212         -102000.00    -7000.00
00213         -102000.00    -7000.00
00214         -102000.00    -7000.00
00215         -102000.00    -7000.00
00216         -102000.00    -7000.00
00217         -102000.00    -7000.00
00218         -102000.00    -7000.00
00219         -102000.00    -7000.00
00220         -102000.00    -7000.00
00221         -102000.00    -7000.00
00222         -102000.00    -7000.00
00223         -102000.00    -7000.00
00224         -102000.00    -7000.00
00225         -102000.00    -7000.00
00226         -102000.00    -7000.00
00227         -102000.00    -7000.00
00228         -102000.00    -6800.00
00229         -102000.00    -7000.00
00230         -102000.00    -7000.00
00231         -102000.00    -6800.00
00232         -102000.00    -6800.00
00233         -102000.00    -6800.00
00234         -102000.00    -6800.00
00235         -102000.00    -6800.00
00236         -102000.00    -6800.00
00237         -102000.00    -6800.00
00238         -102000.00    -6800.00
00239         -102000.00    -6800.00
00240         -102000.00    -6800.00
00241         -102000.00    -6800.00
00242         -102000.00    -6800.00
00243         -102000.00    -6800.00
00244         -102000.00    -6800.00
00245         -102000.00    -6800.00
00246         -102000.00    -6800.00
00247         -102000.00    -6800.00
00248         -102000.00    -6800.00
00249         -102000.00    -6800.00
00250         -102000.00    -6800.00
00251         -104000.00    -6800.00
00252         -102000.00    -6800.00
00253         -102000.00    -6800.00
00254         -102000.00    -6800.00
00255         -102000.00    -6800.00
00256         -102000.00    -6800.00
00257         -102000.00    -6800.00
00258         -102000.00    -6800.00
00259         -102000.00    -6800.00
00260         -102000.00    -6600.00
00261         -102000.00    -6800.00
00262         -102000.00    -6600.00
00263         -102000.00    -6800.00
00264         -102000.00    -6600.00
00265         -102000.00    -6600.00
00266         -102000.00    -6600.00
00267         -102000.00    -6600.00
00268         -102000.00    -6600.00
00269         -102000.00    -6600.00
00270         -102000.00    -6600.00
00271         -104000.00    -6800.00
00272         -102000.00    -6600.00
00273         -104000.00    -6600.00
00274         -102000.00    -6600.00
00275         -104000.00    -6600.00
00276         -102000.00    -6600.00
00277         -102000.00    -6600.00
00278         -102000.00    -6600.00
00279         -104000.00    -6600.00
00280         -102000.00    -6600.00
00281         -102000.00    -6600.00
00282         -102000.00    -6600.00
00283         -102000.00    -6600.00
00284         -102000.00    -6600.00
00285         -104000.00    -6600.00
00286         -102000.00    -6600.00
00287         -104000.00    -6600.00
00288         -102000.00    -6600.00
00289         -102000.00    -6600.00
00290         -102000.00    -6600.00
00291         -104000.00    -6600.00
00292         -102000.00    -6600.00
00293         -104000.00    -6600.00
00294         -102000.00    -6600.00
00295         -104000.00    -6600.00
00296         -102000.00    -6600.00
00297         -104000.00    -6400.00
00298         -102000.00    -6600.00
00299         -104000.00    -6600.00
00300         -102000.00    -6600.00
00301         -102000.00    -6600.00
00302         -102000.00    -6600.00
00303         -102000.00    -6400.00
00304         -102000.00    -6400.00
00305         -102000.00    -6400.00
00306          -70000.00    -5200.00
00307           82000.00     6400.00
00308           94000.00     7400.00
00309           94000.00     7400.00
00310           94000.00     7400.00
00311           94000.00     7400.00
00312           94000.00     7400.00
00313           94000.00     7400.00
00314           94000.00     7400.00
00315           94000.00     7400.00
00316           94000.00     7400.00
00317           94000.00     7400.00
00318           94000.00     7200.00
00319           94000.00     7200.00
00320           94000.00     7200.00
00321           94000.00     7200.00
00322           94000.00     7200.00
00323           94000.00     7200.00
00324           94000.00     7200.00
00325           94000.00     7200.00
00326           94000.00     7200.00
00327           96000.00     7200.00
00328           94000.00     7200.00
00329           94000.00     7200.00
00330           94000.00     7200.00
00331           94000.00     7200.00
00332           94000.00     7200.00
00333           96000.00     7200.00
00334           94000.00     7200.00
00335           96000.00     7200.00
00336           94000.00     7200.00
00337           96000.00     7200.00
00338           94000.00     7200.00
00339           96000.00     7200.00
00340           94000.00     7200.00
00341           96000.00     7200.00
00342           96000.00     7200.00
00343           96000.00     7200.00
00344           94000.00     7200.00
00345           96000.00     7200.00
00346           96000.00     7200.00
00347           96000.00     7200.00
00348           96000.00     7200.00
00349           96000.00     7200.00
00350           96000.00     7200.00
00351           96000.00     7200.00
00352           94000.00     7200.00
00353           96000.00     7200.00
00354           96000.00     7200.00
00355           96000.00     7200.00
00356           96000.00     7200.00
00357           96000.00     7200.00
00358           96000.00     7200.00
00359           96000.00     7200.00
00360           96000.00     7000.00
00361           96000.00     7200.00
00362           96000.00     7200.00
00363           96000.00     7000.00
00364           96000.00     7200.00
00365           96000.00     7000.00
00366           96000.00     7000.00
00367           96000.00     7000.00
00368           96000.00     7000.00
00369           96000.00     7000.00
00370           96000.00     7000.00
00371           96000.00     7000.00
00372           96000.00     7000.00
00373           96000.00     7000.00
00374           96000.00     7000.00
00375           96000.00     7000.00
00376           96000.00     7000.00
00377           96000.00     7000.00
00378           96000.00     7000.00
00379           96000.00     7000.00
00380           96000.00     7000.00
00381           96000.00     7000.00
00382           96000.00     7000.00
00383           96000.00     7000.00
00384           96000.00     7000.00
00385           96000.00     7000.00
00386           96000.00     7000.00
00387           96000.00     7000.00
00388           96000.00     7000.00
00389           96000.00     7000.00
00390           96000.00     7000.00
00391           96000.00     7000.00
00392           96000.00     7000.00
00393           96000.00     7000.00
00394           96000.00     7000.00
00395           96000.00     6800.00
00396           96000.00     6800.00
00397           96000.00     6800.00
00398           96000.00     6800.00
00399           96000.00     6800.00
00400           96000.00     6800.00
00401           96000.00     6800.00
00402           96000.00     6800.00
00403           96000.00     6800.00
00404           96000.00     6800.00
00405           96000.00     6800.00
00406           96000.00     6800.00
00407           96000.00     6800.00
00408           96000.00     6800.00
00409           96000.00     6800.00
00410           96000.00     6800.00
00411           96000.00     6800.00
00412           96000.00     6800.00
00413           96000.00     6800.00
00414           96000.00     6800.00
00415           96000.00     6800.00
00416           96000.00     6800.00
00417           96000.00     6800.00
00418           96000.00     6800.00
00419           96000.00     6800.00
00420           96000.00     6800.00
00421           96000.00     6800.00
00422           96000.00     6800.00
00423           96000.00     6600.00
00424           96000.00     6800.00
00425           96000.00     6800.00
00426           96000.00     6800.00
00427           96000.00     6800.00
00428           96000.00     6600.00
00429           96000.00     6600.00
00430           96000.00     6600.00
00431           96000.00     6600.00
00432           96000.00     6600.00
00433           96000.00     6600.00
00434           94000.00     6400.00
00435               0.00     1200.00
00436          -92000.00    -6600.00
00437         -102000.00    -7200.00
00438         -102000.00    -7200.00
00439         -102000.00    -7200.00
00440         -102000.00    -7200.00
00441         -102000.00    -7200.00
00442         -102000.00    -7200.00
00443         -102000.00    -7200.00
00444         -102000.00    -7200.00
00445         -102000.00    -7200.00
00446         -102000.00    -7200.00
00447         -102000.00    -7200.00
00448         -102000.00    -7200.00
00449         -102000.00    -7200.00
00450         -102000.00    -7000.00
00451         -102000.00    -7000.00
00452         -102000.00    -7200.00
00453         -102000.00    -7000.00
00454         -102000.00    -7200.00
00455         -102000.00    -7000.00
00456         -102000.00    -7000.00
00457         -102000.00    -7200.00
00458         -102000.00    -7200.00
00459         -102000.00    -7000.00
00460         -102000.00    -7000.00
00461         -102000.00    -7000.00
00462         -102000.00    -7000.00
00463         -102000.00    -7000.00
00464         -102000.00    -7000.00
00465         -102000.00    -7000.00
00466         -102000.00    -7000.00
00467         -102000.00    -7000.00
00468         -102000.00    -7000.00
00469         -102000.00    -7000.00
00470         -102000.00    -7000.00
00471         -102000.00    -7000.00
00472         -102000.00    -7000.00
00473         -102000.00    -7000.00
00474         -102000.00    -7000.00
00475         -102000.00    -7000.00
00476         -102000.00    -7000.00
00477         -102000.00    -7000.00
00478         -102000.00    -7000.00
00479         -102000.00    -7000.00
00480         -102000.00    -7000.00
00481         -102000.00    -7000.00
00482         -102000.00    -7000.00
00483         -102000.00    -7000.00
00484         -102000.00    -6800.00
00485         -102000.00    -6800.00
00486         -102000.00    -7000.00
00487         -102000.00    -7000.00
00488         -102000.00    -7000.00
00489         -102000.00    -6800.00
00490         -102000.00    -7000.00
00491         -102000.00    -7000.00
00492         -102000.00    -6800.00
00493         -102000.00    -6800.00
00494         -102000.00    -6800.00
00495         -102000.00    -6800.00
00496         -102000.00    -7000.00
00497         -102000.00    -6800.00
00498         -102000.00    -7000.00
00499         -102000.00    -6800.00
00500         -102000.00    -7000.00
00501         -102000.00    -6800.00
00502         -102000.00    -6800.00
00503         -102000.00    -6800.00
00504         -102000.00    -6800.00
00505         -102000.00    -6800.00
00506         -102000.00    -6800.00
00507         -102000.00    -6800.00
00508         -102000.00    -6800.00
00509         -102000.00    -6800.00
00510         -102000.00    -6800.00
00511         -102000.00    -6800.00
00512         -102000.00    -6800.00
00513         -102000.00    -6800.00
00514         -102000.00    -6800.00
00515         -102000.00    -6800.00
00516         -102000.00    -6800.00
00517         -102000.00    -6800.00
00518         -102000.00    -6800.00
00519         -104000.00    -6800.00
00520         -102000.00    -6600.00
00521         -102000.00    -6600.00
00522         -102000.00    -6800.00
00523         -104000.00    -6800.00
00524         -102000.00    -6800.00
00525         -104000.00    -6600.00
00526         -102000.00    -6800.00
00527         -104000.00    -6800.00
00528         -102000.00    -6800.00
00529         -102000.00    -6800.00
00530         -102000.00    -6800.00
00531         -104000.00    -6800.00
00532         -102000.00    -6600.00
00533         -102000.00    -6600.00
00534         -102000.00    -6800.00
00535         -102000.00    -6600.00
00536         -102000.00    -6600.00
00537         -102000.00    -6600.00
00538         -102000.00    -6600.00
00539         -104000.00    -6600.00
00540         -102000.00    -6600.00
00541         -102000.00    -6600.00
00542         -102000.00    -6600.00
00543         -104000.00    -6600.00
00544         -102000.00    -6600.00
00545         -102000.00    -6600.00
00546         -102000.00    -6600.00
00547         -104000.00    -6600.00
00548         -102000.00    -6600.00
00549         -104000.00    -6600.00
00550         -102000.00    -6600.00
00551         -104000.00    -6600.00
00552         -102000.00    -6600.00
00553         -104000.00    -6600.00
00554         -102000.00    -6600.00
00555         -102000.00    -6600.00
00556         -102000.00    -6400.00
00557         -104000.00    -6600.00
00558         -102000.00    -6600.00
00559         -104000.00    -6600.00
00560         -102000.00    -6600.00
00561         -104000.00    -6400.00
00562         -102000.00    -6600.00
00563         -104000.00    -6400.00
00564         -102000.00    -6400.00
00565         -102000.00    -6400.00
00566         -102000.00    -6400.00
00567         -100000.00    -6200.00
00568           30000.00     2200.00
00569           90000.00     7200.00
00570           94000.00     7400.00
00571           94000.00     7400.00
00572           94000.00     7400.00
00573           94000.00     7400.00
00574           94000.00     7400.00
00575           94000.00     7400.00
00576           94000.00     7400.00
00577           94000.00     7400.00
00578           94000.00     7400.00
00579           94000.00     7200.00
00580           94000.00     7400.00
00581           94000.00     7200.00
00582           94000.00     7200.00
00583           94000.00     7200.00
00584           94000.00     7200.00
00585           94000.00     7200.00
00586           94000.00     7200.00
00587           94000.00     7200.00
00588           94000.00     7200.00
00589           94000.00     7200.00
00590           94000.00     7200.00
00591           94000.00     7200.00
00592           94000.00     7200.00
00593           94000.00     7200.00
00594           94000.00     7200.00
00595           96000.00     7200.00
00596           94000.00     7200.00
00597           96000.00     7200.00
00598           96000.00     7200.00
00599           96000.00     7200.00
00600           94000.00     7200.00
00601           96000.00     7200.00
00602           94000.00     7200.00
00603           96000.00     7200.00
00604           94000.00     7200.00
00605           96000.00     7200.00
00606           94000.00     7200.00
00607           96000.00     7200.00
00608           96000.00     7200.00
00609           96000.00     7200.00
00610           96000.00     7200.00
00611           96000.00     7200.00
00612           96000.00     7200.00
00613           96000.00     7200.00
00614           96000.00     7200.00
00615           96000.00     7200.00
00616           96000.00     7200.00
00617           96000.00     7200.00
00618           96000.00     7200.00
00619           96000.00     7000.00
00620           96000.00     7200.00
00621           96000.00     7200.00
00622           96000.00     7200.00
00623           96000.00     7000.00
00624           96000.00     7000.00
00625           96000.00     7000.00
00626           96000.00     7000.00
00627           96000.00     7000.00
00628           96000.00     7200.00
00629           96000.00     7000.00
00630           96000.00     7000.00
00631           96000.00     7000.00
00632           96000.00     7000.00
00633           96000.00     7000.00
00634           96000.00     7000.00
00635           96000.00     7000.00
00636           96000.00     7000.00
00637           96000.00     7000.00
00638           96000.00     7000.00
00639           96000.00     7000.00
00640           96000.00     7000.00
00641           96000.00     7000.00
00642           96000.00     7000.00
00643           96000.00     7000.00
00644           96000.00     7000.00
00645           96000.00     7000.00
00646           96000.00     7000.00
00647           96000.00     7000.00
00648           96000.00     7000.00
00649           96000.00     7000.00
00650           96000.00     7000.00
00651           96000.00     7000.00
00652           96000.00     7000.00
00653           96000.00     7000.00
00654           96000.00     7000.00
00655           96000.00     7000.00
00656           96000.00     7000.00
00657           96000.00     7000.00
00658           96000.00     6800.00
00659           96000.00     7000.00
00660           96000.00     7000.00
00661           96000.00     7000.00
00662           96000.00     6800.00
00663           96000.00     6800.00
00664           96000.00     6800.00
00665           96000.00     6800.00
00666           96000.00     6800.00
00667           96000.00     6800.00
00668           96000.00     6800.00
00669           96000.00     6800.00
00670           96000.00     6800.00
00671           96000.00     6800.00
00672           96000.00     6800.00
00673           96000.00     6800.00
00674           96000.00     6800.00
00675           96000.00     6800.00
00676           96000.00     6800.00
00677           96000.00     6800.00
00678           96000.00     6800.00
00679           96000.00     6800.00
00680           96000.00     6800.00
00681           96000.00     6800.00
00682           96000.00     6800.00
00683           96000.00     6800.00
00684           96000.00     6800.00
00685           96000.00     6800.00
00686           96000.00     6800.00
00687           96000.00     6800.00
00688           96000.00     6800.00
00689           96000.00     6600.00
00690           96000.00     6800.00
00691           96000.00     6600.00
00692           96000.00     6600.00
00693           96000.00     6600.00
00694           96000.00     6600.00
00695           96000.00     6600.00
00696           92000.00     6400.00
00697          -64000.00    -4200.00
00698          -98000.00    -7000.00
00699         -102000.00    -7200.00
00700         -102000.00    -7200.00
00701         -102000.00    -7200.00
00702         -102000.00    -7200.00
00703         -102000.00    -7200.00
00704         -102000.00    -7200.00
00705         -102000.00    -7200.00
00706         -102000.00    -7000.00
00707         -102000.00    -7000.00
00708         -102000.00    -7000.00
00709         -102000.00    -7000.00
00710         -102000.00    -7000.00
00711         -102000.00    -7000.00
00712         -102000.00    -7000.00
00713         -102000.00    -7000.00
00714         -102000.00    -7000.00
00715         -102000.00    -7000.00
00716         -102000.00    -7000.00
00717         -102000.00    -7000.00
00718         -102000.00    -7000.00
00719         -102000.00    -7000.00
00720         -102000.00    -7000.00
00721         -102000.00    -7000.00
00722         -102000.00    -7000.00
00723         -102000.00    -7000.00
00724         -102000.00    -7000.00
00725         -102000.00    -7000.00
00726         -102000.00    -7000.00
00727         -102000.00    -7000.00
00728         -102000.00    -7000.00
00729         -102000.00    -7000.00
00730         -102000.00    -7000.00
00731         -102000.00    -7000.00
00732         -102000.00    -7000.00
00733         -102000.00    -7000.00
00734         -102000.00    -7000.00
00735         -102000.00    -7000.00
00736         -102000.00    -7000.00
00737         -102000.00    -7000.00
00738         -102000.00    -7000.00
00739         -102000.00    -7000.00
00740         -102000.00    -7000.00
00741         -102000.00    -7000.00
00742         -102000.00    -7000.00
00743         -102000.00    -6800.00
00744         -102000.00    -7000.00
00745         -102000.00    -7000.00
00746         -102000.00    -7000.00
00747         -102000.00    -7000.00
00748         -102000.00    -7000.00
00749         -102000.00    -6800.00
00750         -102000.00    -7000.00
00751         -102000.00    -6800.00
00752         -102000.00    -7000.00
00753         -102000.00    -7000.00
00754         -102000.00    -7000.00
00755         -102000.00    -7000.00
00756         -102000.00    -7000.00
00757         -102000.00    -7000.00
00758         -102000.00    -6800.00
00759         -102000.00    -6800.00
00760         -102000.00    -7000.00
00761         -102000.00    -6800.00
00762         -102000.00    -6800.00
00763         -102000.00    -6800.00
00764         -102000.00    -6800.00
00765         -102000.00    -6800.00
00766         -102000.00    -6800.00
00767         -102000.00    -6800.00
00768         -102000.00    -6800.00
00769         -102000.00    -6800.00
00770         -102000.00    -6800.00
00771         -104000.00    -6800.00
00772         -102000.00    -6800.00
00773         -102000.00    -6800.00
00774         -102000.00    -6800.00
00775         -102000.00    -6800.00
00776         -102000.00    -6800.00
00777         -102000.00    -6800.00
00778         -102000.00    -6800.00
00779         -104000.00    -6800.00
00780         -102000.00    -6800.00
00781         -104000.00    -6800.00
00782         -102000.00    -6800.00
00783         -104000.00    -6800.00
00784         -102000.00    -6800.00
00785         -102000.00    -6800.00
00786         -102000.00    -6600.00
00787         -104000.00    -6600.00
00788         -102000.00    -6800.00
00789         -102000.00    -6600.00
00790         -102000.00    -6600.00
00791         -102000.00    -6600.00
00792         -102000.00    -6600.00
00793         -102000.00    -6600.00
00794         -102000.00    -6600.00
00795         -102000.00    -6600.00
00796         -102000.00    -6600.00
00797         -104000.00    -6600.00
00798         -102000.00    -6600.00
00799         -102000.00    -6600.00
00800         -102000.00    -6600.00
00801         -102000.00    -6600.00
00802         -102000.00    -6600.00
00803         -102000.00    -6600.00
00804         -102000.00    -6600.00
00805         -104000.00    -6600.00
00806         -102000.00    -6600.00
00807         -104000.00    -6600.00
00808         -102000.00    -6600.00
00809         -104000.00    -6600.00
00810         -102000.00    -6600.00
00811         -104000.00    -6600.00
00812         -102000.00    -6600.00
00813         -104000.00    -6600.00
00814         -102000.00    -6600.00
00815         -104000.00    -6600.00
00816         -102000.00    -6600.00
00817         -104000.00    -6600.00
00818         -102000.00    -6600.00
00819         -104000.00    -6600.00
00820         -102000.00    -6600.00
00821         -102000.00    -6600.00
00822         -102000.00    -6400.00
00823         -102000.00    -6600.00
00824         -102000.00    -6600.00
00825         -104000.00    -6600.00
00826         -102000.00    -6600.00
00827         -102000.00    -6600.00
00828         -102000.00    -6400.00
00829          -96000.00    -6000.00
00830           74000.00     5600.00
00831           92000.00     7200.00
00832           94000.00     7400.00
00833           96000.00     7400.00
00834           94000.00     7400.00
00835           94000.00     7400.00
00836           94000.00     7400.00
00837           94000.00     7400.00
00838           94000.00     7400.00
00839           94000.00     7400.00
00840           94000.00     7200.00
00841           94000.00     7400.00
00842           94000.00     7400.00
00843           94000.00     7400.00
00844           94000.00     7200.00
00845           94000.00     7200.00
00846           94000.00     7400.00
00847           94000.00     7200.00
00848           94000.00     7200.00
00849           94000.00     7200.00
00850           94000.00     7200.00
00851           94000.00     7400.00
00852           94000.00     7400.00
00853           96000.00     7200.00
00854           94000.00     7400.00
00855           96000.00     7200.00
00856           94000.00     7200.00
00857           94000.00     7200.00
00858           94000.00     7200.00
00859           96000.00     7200.00
00860           94000.00     7200.00
00861           96000.00     7200.00
00862           96000.00     7200.00
00863           96000.00     7200.00
00864           94000.00     7200.00
00865           96000.00     7200.00
00866           94000.00     7200.00
00867           96000.00     7200.00
00868           94000.00     7200.00
00869           96000.00     7200.00
00870           96000.00     7200.00
00871           96000.00     7200.00
00872           96000.00     7200.00
00873           96000.00     7200.00
00874           96000.00     7200.00
00875           96000.00     7200.00
00876           96000.00     7200.00
00877           96000.00     7200.00
00878           96000.00     7200.00
00879           96000.00     7200.00
00880           96000.00     7200.00
00881           96000.00     7200.00
00882           96000.00     7200.00
00883           96000.00     7200.00
00884           96000.00     7200.00
00885           96000.00     7200.00
00886           96000.00     7200.00
00887           96000.00     7200.00
00888           96000.00     7000.00
00889           96000.00     7000.00
00890           96000.00     7200.00
00891           96000.00     7200.00
00892           94000.00     7000.00
00893           96000.00     7000.00
00894           96000.00     7000.00
00895           96000.00     7000.00
00896           96000.00     7000.00
00897           96000.00     7200.00
00898           96000.00     7200.00
00899           96000.00     7000.00
00900           96000.00     7000.00
00901           96000.00     7000.00
00902           96000.00     7200.00
00903           96000.00     7000.00
00904           96000.00     7000.00
00905           96000.00     7000.00
00906           96000.00     7000.00
00907           96000.00     7000.00
00908           96000.00     7000.00
00909           96000.00     7000.00
00910           96000.00     7000.00
00911           96000.00     7000.00
00912           96000.00     7000.00
00913           96000.00     7000.00
00914           96000.00     7000.00
00915           96000.00     7000.00
00916           96000.00     7000.00
00917           96000.00     6800.00
00918           96000.00     7000.00
00919           96000.00     7000.00
00920           96000.00     6800.00
00921           96000.00     7000.00
00922           96000.00     7000.00
00923           96000.00     7000.00
00924           96000.00     7000.00
00925           96000.00     6800.00
00926           96000.00     6800.00
00927           96000.00     6800.00
00928           96000.00     6800.00
00929           96000.00     6800.00
00930           96000.00     6800.00
00931           96000.00     7000.00
00932           96000.00     6800.00
00933           96000.00     6800.00
00934           96000.00     6800.00
00935           96000.00     6800.00
00936           96000.00     6800.00
00937           96000.00     6800.00
00938           96000.00     6800.00
00939           96000.00     6800.00
00940           96000.00     6800.00
00941           96000.00     6800.00
00942           96000.00     6800.00
00943           96000.00     6800.00
00944           96000.00     6800.00
00945           96000.00     6800.00
00946           96000.00     6800.00
00947           96000.00     6800.00
00948           96000.00     6800.00
00949           96000.00     6800.00
00950           96000.00     6800.00
00951           96000.00     6800.00
00952           96000.00     6600.00
00953           96000.00     6800.00
00954           96000.00     6600.00
00955           96000.00     6800.00
00956           96000.00     6600.00
00957           94000.00     6600.00
00958           62000.00     5400.00
00959          -88000.00    -6200.00
00960         -100000.00    -7200.00
00961         -102000.00    -7200.00
00962         -102000.00    -7200.00
00963         -102000.00    -7200.00
00964         -102000.00    -7200.00
00965         -102000.00    -7200.00
00966         -102000.00    -7200.00
00967         -102000.00    -7200.00
00968         -102000.00    -7200.00
00969         -102000.00    -7200.00
00970         -102000.00    -7200.00
00971         -102000.00    -7200.00
00972         -102000.00    -7200.00
00973         -102000.00    -7200.00
00974         -102000.00    -7200.00
00975         -102000.00    -7000.00
00976         -102000.00    -7200.00
00977         -102000.00    -7000.00
00978         -102000.00    -7000.00
00979         -102000.00    -7000.00
00980         -102000.00    -7200.00
00981         -102000.00    -7000.00
00982         -102000.00    -7000.00
00983         -102000.00    -7000.00
00984         -102000.00    -7000.00
00985         -102000.00    -7000.00
00986         -102000.00    -7000.00
00987         -102000.00    -7000.00
00988         -102000.00    -7000.00
00989         -102000.00    -7000.00
00990         -102000.00    -7000.00
00991         -102000.00    -7000.00
00992         -102000.00    -7000.00
00993         -102000.00    -7000.00
00994         -102000.00    -7000.00
00995         -102000.00    -7000.00
00996         -102000.00    -7000.00
00997         -102000.00    -7000.00
00998         -102000.00    -7000.00
00999         -102000.00    -7000.00
01000         -102000.00    -7000.00
