Unit:(mV)
                     CH1         CH2
Frequency      3.176 kHz           ?
Period        314.861 us           ?
00001         -106000.00    -4200.00
00002         -106000.00    -4400.00
00003         -106000.00    -4200.00
00004         -106000.00    -4200.00
00005         -106000.00    -4200.00
00006         -106000.00    -4200.00
00007         -106000.00    -4200.00
00008         -106000.00    -4200.00
00009         -106000.00    -4200.00
00010         -106000.00    -4000.00
00011         -106000.00    -4000.00
00012         -106000.00    -4000.00
00013         -106000.00    -4000.00
00014         -106000.00    -4000.00
00015         -106000.00    -4000.00
00016         -106000.00    -4000.00
00017         -106000.00    -4000.00
00018         -106000.00    -4000.00
00019         -106000.00    -4000.00
00020         -106000.00    -3800.00
00021         -106000.00    -4000.00
00022         -106000.00    -3800.00
00023         -106000.00    -3800.00
00024         -106000.00    -3800.00
00025         -106000.00    -3800.00
00026         -106000.00    -3800.00
00027         -106000.00    -3800.00
00028         -106000.00    -3800.00
00029         -106000.00    -3800.00
00030         -106000.00    -3800.00
00031         -106000.00    -3800.00
00032         -106000.00    -3800.00
00033         -106000.00    -3800.00
00034         -106000.00    -3600.00
00035         -106000.00    -3800.00
00036         -106000.00    -3800.00
00037         -106000.00    -3600.00
00038         -106000.00    -3600.00
00039         -106000.00    -3600.00
00040         -106000.00    -3600.00
00041         -106000.00    -3600.00
00042         -106000.00    -3600.00
00043         -106000.00    -3600.00
00044         -106000.00    -3600.00
00045         -106000.00    -3600.00
00046         -106000.00    -3600.00
00047         -106000.00    -3600.00
00048         -106000.00    -3600.00
00049         -106000.00    -3600.00
00050         -104000.00    -3400.00
00051         -104000.00    -3400.00
00052          -66000.00    -1800.00
00053           92000.00    10200.00
00054           92000.00    10200.00
00055           92000.00    10000.00
00056           92000.00    10000.00
00057           92000.00    10000.00
00058           94000.00     9800.00
00059           94000.00     9800.00
00060           94000.00     9800.00
00061           94000.00     9600.00
00062           94000.00     9400.00
00063           94000.00     9400.00
00064           94000.00     9200.00
00065           94000.00     9000.00
00066           94000.00     9000.00
00067           94000.00     8800.00
00068           94000.00     8800.00
00069           94000.00     8800.00
00070           94000.00     8600.00
00071           94000.00     8600.00
00072           94000.00     8400.00
00073           94000.00     8400.00
00074           94000.00     8200.00
00075           94000.00     8200.00
00076           94000.00     8200.00
00077           94000.00     8200.00
00078           94000.00     8000.00
00079           94000.00     8000.00
00080           94000.00     7800.00
00081           96000.00     7800.00
00082           94000.00     7800.00
00083           96000.00     7600.00
00084           96000.00     7600.00
00085           96000.00     7400.00
00086           96000.00     7400.00
00087           96000.00     7400.00
00088           96000.00     7400.00
00089           96000.00     7200.00
00090           96000.00     7200.00
00091           96000.00     7000.00
00092           96000.00     7000.00
00093           96000.00     7000.00
00094           96000.00     7000.00
00095           96000.00     6800.00
00096           96000.00     6800.00
00097           96000.00     6800.00
00098           96000.00     6600.00
00099           96000.00     6600.00
00100           96000.00     6600.00
00101           96000.00     6400.00
00102           96000.00     6400.00
00103           96000.00     6400.00
00104           96000.00     6400.00
00105           96000.00     6400.00
00106           96000.00     6200.00
00107           96000.00     6200.00
00108           96000.00     6200.00
00109           96000.00     6000.00
00110           96000.00     6000.00
00111           96000.00     6000.00
00112           96000.00     6000.00
00113           96000.00     5800.00
00114           96000.00     5800.00
00115           96000.00     5800.00
00116           98000.00     5800.00
00117           98000.00     5800.00
00118           96000.00     5800.00
00119           98000.00     5600.00
00120           98000.00     5600.00
00121           96000.00     5400.00
00122           98000.00     5600.00
00123           96000.00     5400.00
00124           98000.00     5400.00
00125           98000.00     5400.00
00126           98000.00     5400.00
00127           98000.00     5400.00
00128           98000.00     5400.00
00129           98000.00     5200.00
00130           98000.00     5200.00
00131           98000.00     5200.00
00132           98000.00     5200.00
00133           98000.00     5200.00
00134           98000.00     5000.00
00135           98000.00     5000.00
00136           98000.00     5000.00
00137           98000.00     5000.00
00138           98000.00     5000.00
00139           98000.00     5000.00
00140           98000.00     5000.00
00141           98000.00     4800.00
00142           98000.00     4800.00
00143           98000.00     4800.00
00144           98000.00     4800.00
00145           98000.00     4800.00
00146           98000.00     4800.00
00147           98000.00     4600.00
00148           98000.00     4600.00
00149           98000.00     4600.00
00150           98000.00     4600.00
00151           98000.00     4600.00
00152           98000.00     4600.00
00153           98000.00     4600.00
00154           98000.00     4600.00
00155           98000.00     4400.00
00156           98000.00     4400.00
00157           98000.00     4400.00
00158           98000.00     4400.00
00159           98000.00     4400.00
00160           98000.00     4400.00
00161           98000.00     4400.00
00162           98000.00     4400.00
00163           98000.00     4400.00
00164           98000.00     4200.00
00165           98000.00     4200.00
00166           98000.00     4200.00
00167           98000.00     4200.00
00168           98000.00     4200.00
00169           98000.00     4200.00
00170           98000.00     4200.00
00171           98000.00     4200.00
00172           98000.00     4000.00
00173           98000.00     4200.00
00174           98000.00     4200.00
00175           98000.00     4000.00
00176           98000.00     4000.00
00177           98000.00     4000.00
00178           98000.00     4000.00
00179           98000.00     4000.00
00180           98000.00     4000.00
00181           98000.00     4000.00
00182           98000.00     4000.00
00183           98000.00     3800.00
00184           98000.00     4000.00
00185           98000.00     3800.00
00186           98000.00     3800.00
00187           98000.00     3800.00
00188           98000.00     3800.00
00189           98000.00     3800.00
00190           98000.00     3800.00
00191          100000.00     3800.00
00192           98000.00     3800.00
00193           98000.00     3800.00
00194           98000.00     3800.00
00195           98000.00     3800.00
00196          100000.00     3800.00
00197           98000.00     3800.00
00198           98000.00     3800.00
00199          100000.00     3800.00
00200           98000.00     3800.00
00201          100000.00     3600.00
00202           98000.00     3600.00
00203           98000.00     3600.00
00204           98000.00     3600.00
00205           98000.00     3600.00
00206           98000.00     3400.00
00207          -98000.00   -10200.00
00208          -98000.00   -10000.00
00209         -100000.00   -10000.00
00210         -100000.00   -10000.00
00211         -100000.00    -9800.00
00212         -100000.00    -9800.00
00213         -100000.00    -9800.00
00214         -100000.00    -9600.00
00215         -100000.00    -9400.00
00216         -100000.00    -9400.00
00217         -100000.00    -9400.00
00218         -100000.00    -9200.00
00219         -100000.00    -9000.00
00220         -100000.00    -9000.00
00221         -102000.00    -9000.00
00222         -100000.00    -8800.00
00223         -102000.00    -8800.00
00224         -102000.00    -8600.00
00225         -100000.00    -8400.00
00226         -102000.00    -8400.00
00227         -102000.00    -8400.00
00228         -102000.00    -8400.00
00229         -102000.00    -8200.00
00230         -102000.00    -8200.00
00231         -102000.00    -8000.00
00232         -102000.00    -8000.00
00233         -102000.00    -7800.00
00234         -102000.00    -7800.00
00235         -102000.00    -7800.00
00236         -102000.00    -7600.00
00237         -102000.00    -7600.00
00238         -102000.00    -7600.00
00239         -102000.00    -7400.00
00240         -102000.00    -7400.00
00241         -102000.00    -7400.00
00242         -102000.00    -7200.00
00243         -102000.00    -7200.00
00244         -102000.00    -7000.00
00245         -102000.00    -7000.00
00246         -102000.00    -7000.00
00247         -102000.00    -6800.00
00248         -102000.00    -6800.00
00249         -102000.00    -6800.00
00250         -102000.00    -6800.00
00251         -104000.00    -6600.00
00252         -104000.00    -6600.00
00253         -102000.00    -6600.00
00254         -104000.00    -6400.00
00255         -104000.00    -6400.00
00256         -104000.00    -6400.00
00257         -104000.00    -6400.00
00258         -104000.00    -6400.00
00259         -104000.00    -6200.00
00260         -104000.00    -6200.00
00261         -104000.00    -6000.00
00262         -104000.00    -6000.00
00263         -104000.00    -6000.00
00264         -104000.00    -6000.00
00265         -104000.00    -6000.00
00266         -104000.00    -5800.00
00267         -104000.00    -5800.00
00268         -104000.00    -5800.00
00269         -104000.00    -5800.00
00270         -104000.00    -5800.00
00271         -104000.00    -5800.00
00272         -104000.00    -5600.00
00273         -104000.00    -5600.00
00274         -104000.00    -5600.00
00275         -104000.00    -5600.00
00276         -104000.00    -5600.00
00277         -104000.00    -5400.00
00278         -104000.00    -5400.00
00279         -104000.00    -5400.00
00280         -104000.00    -5200.00
00281         -104000.00    -5200.00
00282         -104000.00    -5200.00
00283         -104000.00    -5200.00
00284         -104000.00    -5200.00
00285         -104000.00    -5200.00
00286         -104000.00    -5200.00
00287         -104000.00    -5000.00
00288         -104000.00    -5000.00
00289         -104000.00    -5000.00
00290         -104000.00    -4800.00
00291         -104000.00    -5000.00
00292         -104000.00    -5000.00
00293         -104000.00    -4800.00
00294         -104000.00    -4800.00
00295         -104000.00    -4800.00
00296         -104000.00    -4800.00
00297         -104000.00    -4800.00
00298         -104000.00    -4800.00
00299         -104000.00    -4800.00
00300         -104000.00    -4600.00
00301         -106000.00    -4600.00
00302         -104000.00    -4600.00
00303         -106000.00    -4600.00
00304         -104000.00    -4600.00
00305         -104000.00    -4600.00
00306         -106000.00    -4600.00
00307         -106000.00    -4600.00
00308         -104000.00    -4400.00
00309         -106000.00    -4400.00
00310         -106000.00    -4400.00
00311         -106000.00    -4400.00
00312         -106000.00    -4400.00
00313         -106000.00    -4400.00
00314         -106000.00    -4400.00
00315         -106000.00    -4400.00
00316         -106000.00    -4200.00
00317         -106000.00    -4200.00
00318         -106000.00    -4200.00
00319         -106000.00    -4200.00
00320         -106000.00    -4200.00
00321         -106000.00    -4200.00
00322         -106000.00    -4200.00
00323         -106000.00    -4200.00
00324         -106000.00    -4200.00
00325         -106000.00    -4000.00
00326         -106000.00    -4200.00
00327         -106000.00    -4200.00
00328         -106000.00    -4000.00
00329         -106000.00    -4200.00
00330         -106000.00    -4000.00
00331         -106000.00    -4000.00
00332         -106000.00    -4000.00
00333         -106000.00    -4000.00
00334         -106000.00    -4000.00
00335         -106000.00    -3800.00
00336         -106000.00    -3800.00
00337         -106000.00    -4000.00
00338         -106000.00    -3800.00
00339         -106000.00    -3800.00
00340         -106000.00    -3800.00
00341         -106000.00    -3800.00
00342         -106000.00    -3800.00
00343         -106000.00    -3800.00
00344         -106000.00    -3800.00
00345         -106000.00    -3800.00
00346         -106000.00    -3600.00
00347         -106000.00    -3600.00
00348         -106000.00    -3800.00
00349         -106000.00    -3600.00
00350         -106000.00    -3600.00
00351         -106000.00    -3600.00
00352         -106000.00    -3600.00
00353         -106000.00    -3600.00
00354         -106000.00    -3600.00
00355         -106000.00    -3600.00
00356         -106000.00    -3600.00
00357         -106000.00    -3600.00
00358         -106000.00    -3600.00
00359         -106000.00    -3600.00
00360         -106000.00    -3600.00
00361         -106000.00    -3600.00
00362         -106000.00    -3600.00
00363         -106000.00    -3400.00
00364         -106000.00    -3400.00
00365         -104000.00    -3400.00
00366         -104000.00    -3400.00
00367          -64000.00    -1600.00
00368           92000.00    10200.00
00369           92000.00    10200.00
00370           92000.00    10000.00
00371           92000.00    10000.00
00372           92000.00     9800.00
00373           92000.00    10000.00
00374           94000.00     9800.00
00375           94000.00     9600.00
00376           94000.00     9600.00
00377           94000.00     9400.00
00378           94000.00     9200.00
00379           94000.00     9200.00
00380           94000.00     9200.00
00381           94000.00     9000.00
00382           94000.00     9000.00
00383           94000.00     8800.00
00384           94000.00     8800.00
00385           94000.00     8600.00
00386           94000.00     8600.00
00387           94000.00     8600.00
00388           94000.00     8400.00
00389           94000.00     8400.00
00390           94000.00     8200.00
00391           94000.00     8200.00
00392           94000.00     8000.00
00393           94000.00     8000.00
00394           94000.00     8000.00
00395           94000.00     7800.00
00396           94000.00     7800.00
00397           96000.00     7800.00
00398           96000.00     7600.00
00399           96000.00     7600.00
00400           96000.00     7400.00
00401           96000.00     7400.00
00402           96000.00     7400.00
00403           96000.00     7200.00
00404           96000.00     7200.00
00405           96000.00     7200.00
00406           96000.00     7000.00
00407           96000.00     7000.00
00408           96000.00     7000.00
00409           96000.00     6800.00
00410           96000.00     6800.00
00411           96000.00     6800.00
00412           96000.00     6800.00
00413           96000.00     6800.00
00414           96000.00     6600.00
00415           96000.00     6600.00
00416           96000.00     6600.00
00417           96000.00     6400.00
00418           96000.00     6400.00
00419           96000.00     6200.00
00420           96000.00     6200.00
00421           96000.00     6200.00
00422           96000.00     6200.00
00423           96000.00     6200.00
00424           96000.00     6000.00
00425           96000.00     6000.00
00426           96000.00     6000.00
00427           96000.00     6000.00
00428           96000.00     6000.00
00429           96000.00     5800.00
00430           96000.00     5800.00
00431           96000.00     5800.00
00432           96000.00     5800.00
00433           98000.00     5600.00
00434           98000.00     5600.00
00435           96000.00     5600.00
00436           98000.00     5600.00
00437           98000.00     5400.00
00438           98000.00     5600.00
00439           98000.00     5400.00
00440           98000.00     5400.00
00441           98000.00     5400.00
00442           98000.00     5400.00
00443           98000.00     5200.00
00444           98000.00     5400.00
00445           98000.00     5200.00
00446           98000.00     5200.00
00447           98000.00     5200.00
00448           98000.00     5200.00
00449           98000.00     5000.00
00450           98000.00     5200.00
00451           98000.00     5000.00
00452           98000.00     5000.00
00453           98000.00     5000.00
00454           98000.00     5000.00
00455           98000.00     5000.00
00456           98000.00     5000.00
00457           98000.00     4800.00
00458           98000.00     5000.00
00459           98000.00     4800.00
00460           98000.00     4800.00
00461           98000.00     4800.00
00462           98000.00     4800.00
00463           98000.00     4600.00
00464           98000.00     4600.00
00465           98000.00     4600.00
00466           98000.00     4600.00
00467           98000.00     4600.00
00468           98000.00     4600.00
00469           98000.00     4600.00
00470           98000.00     4600.00
00471           98000.00     4400.00
00472           98000.00     4400.00
00473           98000.00     4400.00
00474           98000.00     4400.00
00475           98000.00     4400.00
00476           98000.00     4400.00
00477           98000.00     4400.00
00478           98000.00     4400.00
00479           98000.00     4200.00
00480           98000.00     4200.00
00481           98000.00     4200.00
00482           98000.00     4200.00
00483           98000.00     4200.00
00484           98000.00     4200.00
00485           98000.00     4200.00
00486           98000.00     4200.00
00487           98000.00     4200.00
00488           98000.00     4200.00
00489           98000.00     4200.00
00490           98000.00     4000.00
00491           98000.00     4000.00
00492           98000.00     4000.00
00493           98000.00     4000.00
00494           98000.00     4000.00
00495           98000.00     4000.00
00496           98000.00     4000.00
00497           98000.00     4000.00
00498           98000.00     4000.00
00499           98000.00     4000.00
00500           98000.00     4000.00
00501           98000.00     3800.00
00502           98000.00     3800.00
00503           98000.00     3800.00
00504          100000.00     3800.00
00505           98000.00     3800.00
00506           98000.00     3800.00
00507           98000.00     3800.00
00508          100000.00     3800.00
00509           98000.00     3800.00
00510          100000.00     3800.00
00511           98000.00     3800.00
00512           98000.00     3800.00
00513           98000.00     3800.00
00514          100000.00     3600.00
00515           98000.00     3800.00
00516           98000.00     3600.00
00517           98000.00     3600.00
00518           98000.00     3600.00
00519           98000.00     3600.00
00520           98000.00     3600.00
00521           98000.00     3400.00
00522          -98000.00   -10400.00
00523         -100000.00   -10000.00
00524         -100000.00   -10000.00
00525         -100000.00    -9800.00
00526         -100000.00    -9800.00
00527         -100000.00    -9800.00
00528         -100000.00    -9600.00
00529         -100000.00    -9600.00
00530         -100000.00    -9400.00
00531         -100000.00    -9400.00
00532         -100000.00    -9200.00
00533         -100000.00    -9200.00
00534         -100000.00    -9000.00
00535         -100000.00    -9000.00
00536         -100000.00    -9000.00
00537         -100000.00    -8800.00
00538         -102000.00    -8800.00
00539         -102000.00    -8600.00
00540         -102000.00    -8600.00
00541         -102000.00    -8400.00
00542         -102000.00    -8400.00
00543         -102000.00    -8200.00
00544         -102000.00    -8200.00
00545         -102000.00    -8000.00
00546         -102000.00    -8000.00
00547         -102000.00    -8000.00
00548         -102000.00    -7800.00
00549         -102000.00    -7800.00
00550         -102000.00    -7800.00
00551         -102000.00    -7600.00
00552         -102000.00    -7400.00
00553         -102000.00    -7400.00
00554         -102000.00    -7400.00
00555         -102000.00    -7400.00
00556         -102000.00    -7400.00
00557         -102000.00    -7200.00
00558         -102000.00    -7200.00
00559         -102000.00    -7200.00
00560         -102000.00    -7000.00
00561         -102000.00    -7000.00
00562         -102000.00    -7000.00
00563         -102000.00    -6800.00
00564         -102000.00    -6800.00
00565         -102000.00    -6800.00
00566         -104000.00    -6600.00
00567         -104000.00    -6600.00
00568         -104000.00    -6600.00
00569         -104000.00    -6600.00
00570         -104000.00    -6400.00
00571         -104000.00    -6400.00
00572         -104000.00    -6400.00
00573         -104000.00    -6400.00
00574         -104000.00    -6200.00
00575         -104000.00    -6200.00
00576         -104000.00    -6200.00
00577         -104000.00    -6000.00
00578         -104000.00    -6000.00
00579         -104000.00    -6000.00
00580         -104000.00    -6000.00
00581         -104000.00    -6000.00
00582         -104000.00    -5800.00
00583         -104000.00    -5800.00
00584         -104000.00    -5600.00
00585         -104000.00    -5800.00
00586         -104000.00    -5600.00
00587         -104000.00    -5600.00
00588         -104000.00    -5600.00
00589         -104000.00    -5600.00
00590         -104000.00    -5600.00
00591         -104000.00    -5400.00
00592         -104000.00    -5400.00
00593         -104000.00    -5400.00
00594         -104000.00    -5400.00
00595         -104000.00    -5400.00
00596         -104000.00    -5200.00
00597         -104000.00    -5200.00
00598         -104000.00    -5200.00
00599         -104000.00    -5000.00
00600         -104000.00    -5200.00
00601         -104000.00    -5000.00
00602         -104000.00    -5000.00
00603         -104000.00    -5000.00
00604         -104000.00    -5000.00
00605         -104000.00    -5000.00
00606         -104000.00    -5000.00
00607         -104000.00    -5000.00
00608         -104000.00    -4800.00
00609         -104000.00    -4800.00
00610         -104000.00    -4800.00
00611         -104000.00    -4800.00
00612         -104000.00    -4800.00
00613         -104000.00    -4800.00
00614         -104000.00    -4800.00
00615         -104000.00    -4600.00
00616         -104000.00    -4600.00
00617         -104000.00    -4600.00
00618         -104000.00    -4600.00
00619         -104000.00    -4600.00
00620         -104000.00    -4600.00
00621         -104000.00    -4600.00
00622         -104000.00    -4600.00
00623         -106000.00    -4400.00
00624         -106000.00    -4400.00
00625         -104000.00    -4400.00
00626         -106000.00    -4400.00
00627         -106000.00    -4400.00
00628         -106000.00    -4400.00
00629         -106000.00    -4200.00
00630         -106000.00    -4400.00
00631         -106000.00    -4200.00
00632         -106000.00    -4200.00
00633         -106000.00    -4200.00
00634         -106000.00    -4200.00
00635         -106000.00    -4200.00
00636         -106000.00    -4200.00
00637         -106000.00    -4200.00
00638         -106000.00    -4200.00
00639         -106000.00    -4200.00
00640         -106000.00    -4200.00
00641         -106000.00    -4200.00
00642         -106000.00    -4200.00
00643         -106000.00    -4000.00
00644         -106000.00    -4000.00
00645         -106000.00    -4000.00
00646         -106000.00    -4000.00
00647         -106000.00    -4000.00
00648         -106000.00    -4000.00
00649         -106000.00    -4000.00
00650         -106000.00    -4000.00
00651         -106000.00    -4000.00
00652         -106000.00    -3800.00
00653         -106000.00    -3800.00
00654         -106000.00    -3800.00
00655         -106000.00    -3800.00
00656         -106000.00    -3800.00
00657         -106000.00    -3800.00
00658         -106000.00    -3800.00
00659         -106000.00    -3800.00
00660         -106000.00    -3800.00
00661         -106000.00    -3800.00
00662         -106000.00    -3600.00
00663         -106000.00    -3800.00
00664         -106000.00    -3800.00
00665         -106000.00    -3600.00
00666         -106000.00    -3600.00
00667         -106000.00    -3800.00
00668         -106000.00    -3600.00
00669         -106000.00    -3600.00
00670         -106000.00    -3600.00
00671         -106000.00    -3600.00
00672         -106000.00    -3600.00
00673         -106000.00    -3600.00
00674         -106000.00    -3600.00
00675         -106000.00    -3600.00
00676         -106000.00    -3600.00
00677         -106000.00    -3600.00
00678         -106000.00    -3600.00
00679         -106000.00    -3400.00
00680         -106000.00    -3400.00
00681         -104000.00    -3400.00
00682           90000.00    10200.00
00683           92000.00    10200.00
00684           92000.00    10200.00
00685           92000.00    10000.00
00686           92000.00    10000.00
00687           92000.00     9800.00
00688           94000.00     9800.00
00689           94000.00     9800.00
00690           94000.00     9600.00
00691           94000.00     9600.00
00692           94000.00     9400.00
00693           94000.00     9200.00
00694           94000.00     9200.00
00695           94000.00     9000.00
00696           94000.00     9000.00
00697           94000.00     9000.00
00698           94000.00     8800.00
00699           94000.00     8800.00
00700           94000.00     8600.00
00701           94000.00     8600.00
00702           94000.00     8400.00
00703           94000.00     8400.00
00704           94000.00     8200.00
00705           94000.00     8200.00
00706           94000.00     8200.00
00707           94000.00     8000.00
00708           94000.00     8000.00
00709           94000.00     8000.00
00710           96000.00     7800.00
00711           94000.00     7800.00
00712           96000.00     7600.00
00713           96000.00     7600.00
00714           96000.00     7600.00
00715           96000.00     7400.00
00716           96000.00     7400.00
00717           96000.00     7200.00
00718           96000.00     7200.00
00719           96000.00     7200.00
00720           96000.00     7200.00
00721           96000.00     7000.00
00722           96000.00     7000.00
00723           96000.00     7000.00
00724           96000.00     6800.00
00725           96000.00     6800.00
00726           96000.00     6800.00
00727           96000.00     6600.00
00728           96000.00     6600.00
00729           96000.00     6600.00
00730           96000.00     6600.00
00731           96000.00     6400.00
00732           96000.00     6400.00
00733           96000.00     6400.00
00734           96000.00     6200.00
00735           96000.00     6200.00
00736           96000.00     6200.00
00737           96000.00     6200.00
00738           96000.00     6200.00
00739           96000.00     6000.00
00740           96000.00     6000.00
00741           96000.00     6000.00
00742           96000.00     6000.00
00743           98000.00     5800.00
00744           96000.00     6000.00
00745           96000.00     5800.00
00746           98000.00     5800.00
00747           96000.00     5800.00
00748           96000.00     5800.00
00749           96000.00     5600.00
00750           98000.00     5600.00
00751           98000.00     5600.00
00752           98000.00     5400.00
00753           98000.00     5400.00
00754           98000.00     5400.00
00755           96000.00     5400.00
00756           98000.00     5400.00
00757           98000.00     5400.00
00758           98000.00     5200.00
00759           98000.00     5400.00
00760           98000.00     5200.00
00761           98000.00     5200.00
00762           98000.00     5200.00
00763           98000.00     5200.00
00764           98000.00     5000.00
00765           98000.00     5000.00
00766           98000.00     5000.00
00767           98000.00     5000.00
00768           98000.00     5000.00
00769           98000.00     5000.00
00770           98000.00     5000.00
00771           98000.00     4800.00
00772           98000.00     4800.00
00773           98000.00     4800.00
00774           98000.00     4800.00
00775           98000.00     4800.00
00776           98000.00     4600.00
00777           98000.00     4800.00
00778           98000.00     4600.00
00779           98000.00     4600.00
00780           98000.00     4600.00
00781           98000.00     4600.00
00782           98000.00     4600.00
00783           98000.00     4600.00
00784           98000.00     4600.00
00785           98000.00     4600.00
00786           98000.00     4400.00
00787           98000.00     4400.00
00788           98000.00     4400.00
00789           98000.00     4400.00
00790           98000.00     4400.00
00791           98000.00     4400.00
00792           98000.00     4200.00
00793           98000.00     4400.00
00794           98000.00     4400.00
00795           98000.00     4200.00
00796           98000.00     4200.00
00797           98000.00     4200.00
00798           98000.00     4200.00
00799           98000.00     4200.00
00800           98000.00     4200.00
00801           98000.00     4200.00
00802           98000.00     4200.00
00803           98000.00     4200.00
00804           98000.00     4200.00
00805           98000.00     4200.00
00806           98000.00     4200.00
00807           98000.00     4000.00
00808           98000.00     4000.00
00809           98000.00     4000.00
00810           98000.00     4000.00
00811           98000.00     4000.00
00812           98000.00     4000.00
00813           98000.00     4000.00
00814           98000.00     4000.00
00815           98000.00     3800.00
00816           98000.00     4000.00
00817           98000.00     3800.00
00818           98000.00     4000.00
00819           98000.00     3800.00
00820          100000.00     3800.00
00821          100000.00     3800.00
00822           98000.00     3800.00
00823           98000.00     3800.00
00824          100000.00     3800.00
00825           98000.00     3800.00
00826           98000.00     3800.00
00827           98000.00     3800.00
00828           98000.00     3800.00
00829           98000.00     3800.00
00830          100000.00     3800.00
00831          100000.00     3600.00
00832          100000.00     3600.00
00833          100000.00     3600.00
00834           98000.00     3600.00
00835           98000.00     3600.00
00836           96000.00     3400.00
00837         -100000.00   -10400.00
00838          -98000.00   -10000.00
00839         -100000.00   -10000.00
00840         -100000.00   -10000.00
00841         -100000.00    -9800.00
00842         -100000.00    -9800.00
00843         -100000.00    -9800.00
00844         -100000.00    -9600.00
00845         -100000.00    -9400.00
00846         -100000.00    -9400.00
00847         -100000.00    -9200.00
00848         -100000.00    -9200.00
00849         -100000.00    -9000.00
00850         -100000.00    -9000.00
00851         -102000.00    -8800.00
00852         -100000.00    -8800.00
00853         -102000.00    -8800.00
00854         -102000.00    -8600.00
00855         -102000.00    -8600.00
00856         -102000.00    -8400.00
00857         -102000.00    -8400.00
00858         -102000.00    -8200.00
00859         -102000.00    -8200.00
00860         -102000.00    -8200.00
00861         -102000.00    -8000.00
00862         -102000.00    -7800.00
00863         -102000.00    -7800.00
00864         -102000.00    -7800.00
00865         -102000.00    -7600.00
00866         -102000.00    -7600.00
00867         -102000.00    -7600.00
00868         -102000.00    -7400.00
00869         -102000.00    -7400.00
00870         -102000.00    -7400.00
00871         -102000.00    -7200.00
00872         -102000.00    -7200.00
00873         -102000.00    -7200.00
00874         -102000.00    -7000.00
00875         -102000.00    -7000.00
00876         -102000.00    -7000.00
00877         -102000.00    -6800.00
00878         -102000.00    -6800.00
00879         -102000.00    -6800.00
00880         -102000.00    -6800.00
00881         -102000.00    -6600.00
00882         -102000.00    -6600.00
00883         -102000.00    -6600.00
00884         -104000.00    -6400.00
00885         -104000.00    -6400.00
00886         -104000.00    -6400.00
00887         -104000.00    -6400.00
00888         -104000.00    -6200.00
00889         -104000.00    -6200.00
00890         -104000.00    -6200.00
00891         -104000.00    -6000.00
00892         -104000.00    -6000.00
00893         -104000.00    -6000.00
00894         -104000.00    -6000.00
00895         -104000.00    -5800.00
00896         -104000.00    -6000.00
00897         -104000.00    -5800.00
00898         -104000.00    -5800.00
00899         -104000.00    -5800.00
00900         -104000.00    -5800.00
00901         -104000.00    -5600.00
00902         -104000.00    -5600.00
00903         -104000.00    -5600.00
00904         -104000.00    -5600.00
00905         -104000.00    -5400.00
00906         -104000.00    -5400.00
00907         -104000.00    -5400.00
00908         -104000.00    -5400.00
00909         -104000.00    -5400.00
00910         -104000.00    -5400.00
00911         -104000.00    -5200.00
00912         -104000.00    -5200.00
00913         -104000.00    -5200.00
00914         -104000.00    -5200.00
00915         -104000.00    -5200.00
00916         -104000.00    -5000.00
00917         -104000.00    -5200.00
00918         -104000.00    -5000.00
00919         -104000.00    -5000.00
00920         -104000.00    -5000.00
00921         -104000.00    -5000.00
00922         -104000.00    -4800.00
00923         -104000.00    -5000.00
00924         -104000.00    -4800.00
00925         -104000.00    -4800.00
00926         -104000.00    -4800.00
00927         -104000.00    -4800.00
00928         -104000.00    -4600.00
00929         -104000.00    -4800.00
00930         -104000.00    -4600.00
00931         -106000.00    -4800.00
00932         -104000.00    -4600.00
00933         -104000.00    -4600.00
00934         -104000.00    -4600.00
00935         -106000.00    -4600.00
00936         -104000.00    -4400.00
00937         -104000.00    -4400.00
00938         -106000.00    -4400.00
00939         -106000.00    -4400.00
00940         -106000.00    -4400.00
00941         -106000.00    -4400.00
00942         -106000.00    -4400.00
00943         -106000.00    -4400.00
00944         -106000.00    -4400.00
00945         -106000.00    -4200.00
00946         -106000.00    -4200.00
00947         -106000.00    -4400.00
00948         -106000.00    -4200.00
00949         -106000.00    -4200.00
00950         -106000.00    -4200.00
00951         -106000.00    -4200.00
00952         -106000.00    -4200.00
00953         -106000.00    -4200.00
00954         -106000.00    -4200.00
00955         -106000.00    -4000.00
00956         -106000.00    -4200.00
00957         -106000.00    -4000.00
00958         -106000.00    -4000.00
00959         -106000.00    -4000.00
00960         -106000.00    -4000.00
00961         -106000.00    -4000.00
00962         -106000.00    -4000.00
00963         -106000.00    -4000.00
00964         -106000.00    -3800.00
00965         -106000.00    -4000.00
00966         -106000.00    -3800.00
00967         -106000.00    -3800.00
00968         -106000.00    -4000.00
00969         -106000.00    -3800.00
00970         -106000.00    -3800.00
00971         -106000.00    -3800.00
00972         -106000.00    -3800.00
00973         -106000.00    -3800.00
00974         -106000.00    -3800.00
00975         -106000.00    -3800.00
00976         -106000.00    -3800.00
00977         -106000.00    -3800.00
00978         -106000.00    -3600.00
00979         -106000.00    -3800.00
00980         -106000.00    -3600.00
00981         -106000.00    -3600.00
00982         -106000.00    -3600.00
00983         -106000.00    -3600.00
00984         -106000.00    -3600.00
00985         -106000.00    -3600.00
00986         -106000.00    -3600.00
00987         -106000.00    -3600.00
00988         -106000.00    -3600.00
00989         -106000.00    -3600.00
00990         -106000.00    -3600.00
00991         -106000.00    -3600.00
00992         -106000.00    -3600.00
00993         -106000.00    -3600.00
00994         -106000.00    -3400.00
00995         -104000.00    -3400.00
00996         -102000.00    -3200.00
00997           92000.00    10400.00
00998           92000.00    10200.00
00999           92000.00    10000.00
01000           92000.00    10000.00
