Unit:(mV)
                     CH1         CH2
Frequency      6.704 kHz           ?
Period        149.165 us           ?
00001         -104000.00    -6200.00
00002         -104000.00    -6200.00
00003         -104000.00    -6200.00
00004         -104000.00    -6200.00
00005         -104000.00    -6000.00
00006         -104000.00    -6000.00
00007         -104000.00    -6000.00
00008         -104000.00    -6000.00
00009         -104000.00    -6000.00
00010         -104000.00    -6000.00
00011         -104000.00    -6000.00
00012         -104000.00    -6000.00
00013         -104000.00    -6000.00
00014         -104000.00    -5800.00
00015         -104000.00    -6000.00
00016         -104000.00    -6000.00
00017         -104000.00    -6000.00
00018         -104000.00    -5800.00
00019         -104000.00    -5800.00
00020         -104000.00    -5800.00
00021         -104000.00    -5800.00
00022         -104000.00    -5800.00
00023         -104000.00    -5800.00
00024         -104000.00    -5800.00
00025         -104000.00    -5800.00
00026         -104000.00    -5800.00
00027         -104000.00    -5800.00
00028         -104000.00    -5800.00
00029         -104000.00    -5600.00
00030         -104000.00    -5600.00
00031         -104000.00    -5600.00
00032         -104000.00    -5600.00
00033         -104000.00    -5600.00
00034         -104000.00    -5600.00
00035         -104000.00    -5600.00
00036         -104000.00    -5600.00
00037         -104000.00    -5600.00
00038         -104000.00    -5600.00
00039         -104000.00    -5400.00
00040         -104000.00    -5400.00
00041         -104000.00    -5400.00
00042         -104000.00    -5400.00
00043         -104000.00    -5400.00
00044         -104000.00    -5400.00
00045         -104000.00    -5400.00
00046         -104000.00    -5400.00
00047         -104000.00    -5400.00
00048         -104000.00    -5400.00
00049         -104000.00    -5400.00
00050         -104000.00    -5400.00
00051         -104000.00    -5400.00
00052         -104000.00    -5400.00
00053         -104000.00    -5200.00
00054         -104000.00    -5200.00
00055         -104000.00    -5200.00
00056         -104000.00    -5200.00
00057         -104000.00    -5200.00
00058         -104000.00    -5200.00
00059         -104000.00    -5200.00
00060         -104000.00    -5200.00
00061         -104000.00    -5200.00
00062         -104000.00    -5200.00
00063         -104000.00    -5200.00
00064         -104000.00    -5200.00
00065         -104000.00    -5200.00
00066         -104000.00    -5200.00
00067         -104000.00    -5000.00
00068         -104000.00    -5200.00
00069         -104000.00    -5200.00
00070         -104000.00    -5000.00
00071         -104000.00    -5200.00
00072         -104000.00    -5000.00
00073         -104000.00    -5000.00
00074         -104000.00    -5000.00
00075         -104000.00    -5000.00
00076         -104000.00    -5000.00
00077         -104000.00    -5000.00
00078         -104000.00    -5000.00
00079         -104000.00    -5000.00
00080         -104000.00    -5000.00
00081         -104000.00    -4800.00
00082         -104000.00    -4800.00
00083         -104000.00    -4800.00
00084         -104000.00    -4800.00
00085         -104000.00    -4800.00
00086         -104000.00    -4800.00
00087         -104000.00    -4800.00
00088         -102000.00    -4600.00
00089          -98000.00    -4400.00
00090           94000.00     9000.00
00091           94000.00     9000.00
00092           92000.00     9000.00
00093           94000.00     8800.00
00094           94000.00     8800.00
00095           94000.00     8800.00
00096           94000.00     8800.00
00097           94000.00     8800.00
00098           94000.00     8800.00
00099           94000.00     8800.00
00100           94000.00     8800.00
00101           94000.00     8800.00
00102           94000.00     8800.00
00103           94000.00     8600.00
00104           94000.00     8600.00
00105           94000.00     8600.00
00106           94000.00     8600.00
00107           94000.00     8400.00
00108           94000.00     8400.00
00109           94000.00     8400.00
00110           94000.00     8400.00
00111           94000.00     8400.00
00112           94000.00     8400.00
00113           94000.00     8200.00
00114           94000.00     8200.00
00115           94000.00     8200.00
00116           94000.00     8200.00
00117           94000.00     8200.00
00118           94000.00     8200.00
00119           94000.00     8200.00
00120           94000.00     8000.00
00121           94000.00     8000.00
00122           94000.00     8000.00
00123           96000.00     8000.00
00124           94000.00     8000.00
00125           94000.00     8000.00
00126           96000.00     8000.00
00127           94000.00     7800.00
00128           94000.00     7800.00
00129           96000.00     7800.00
00130           96000.00     7800.00
00131           96000.00     7800.00
00132           94000.00     7800.00
00133           96000.00     7800.00
00134           94000.00     7600.00
00135           96000.00     7600.00
00136           96000.00     7600.00
00137           96000.00     7600.00
00138           96000.00     7600.00
00139           96000.00     7600.00
00140           96000.00     7400.00
00141           96000.00     7400.00
00142           96000.00     7400.00
00143           96000.00     7400.00
00144           96000.00     7400.00
00145           96000.00     7200.00
00146           96000.00     7200.00
00147           96000.00     7200.00
00148           96000.00     7200.00
00149           96000.00     7200.00
00150           96000.00     7200.00
00151           96000.00     7200.00
00152           96000.00     7200.00
00153           96000.00     7000.00
00154           96000.00     7000.00
00155           96000.00     7000.00
00156           96000.00     7000.00
00157           96000.00     7000.00
00158           96000.00     7000.00
00159           96000.00     7000.00
00160           96000.00     7000.00
00161           96000.00     7000.00
00162           96000.00     6800.00
00163           96000.00     7000.00
00164           96000.00     7000.00
00165           96000.00     6800.00
00166           96000.00     6800.00
00167           96000.00     6800.00
00168           96000.00     6800.00
00169           96000.00     6800.00
00170           96000.00     6800.00
00171           96000.00     6600.00
00172           96000.00     6600.00
00173           96000.00     6600.00
00174           96000.00     6600.00
00175           96000.00     6600.00
00176           96000.00     6400.00
00177           96000.00     6400.00
00178           96000.00     6600.00
00179           96000.00     6400.00
00180           96000.00     6600.00
00181           96000.00     6400.00
00182           96000.00     6400.00
00183           96000.00     6400.00
00184           96000.00     6400.00
00185           96000.00     6400.00
00186           96000.00     6400.00
00187           96000.00     6200.00
00188           96000.00     6200.00
00189           96000.00     6200.00
00190           96000.00     6200.00
00191           96000.00     6200.00
00192           96000.00     6200.00
00193           96000.00     6200.00
00194           96000.00     6200.00
00195           96000.00     6200.00
00196           96000.00     6000.00
00197           96000.00     6000.00
00198           96000.00     6000.00
00199           96000.00     6200.00
00200           96000.00     6000.00
00201           96000.00     6000.00
00202           96000.00     6000.00
00203           96000.00     6000.00
00204           96000.00     6000.00
00205           96000.00     6000.00
00206           96000.00     6000.00
00207           96000.00     6000.00
00208           96000.00     6000.00
00209           96000.00     6000.00
00210           96000.00     5800.00
00211           96000.00     5800.00
00212           96000.00     5800.00
00213           96000.00     5800.00
00214           96000.00     5800.00
00215           96000.00     5800.00
00216           98000.00     5800.00
00217           98000.00     5800.00
00218           96000.00     5600.00
00219           98000.00     5600.00
00220           96000.00     5800.00
00221           98000.00     5600.00
00222           98000.00     5600.00
00223           98000.00     5600.00
00224           98000.00     5600.00
00225           98000.00     5600.00
00226           96000.00     5600.00
00227           96000.00     5600.00
00228           98000.00     5600.00
00229           98000.00     5600.00
00230           98000.00     5600.00
00231           98000.00     5600.00
00232           98000.00     5600.00
00233           98000.00     5400.00
00234           98000.00     5400.00
00235           98000.00     5400.00
00236           98000.00     5400.00
00237           98000.00     5400.00
00238           98000.00     5400.00
00239           98000.00     5400.00
00240           98000.00     5400.00
00241           98000.00     5400.00
00242           98000.00     5400.00
00243           98000.00     5400.00
00244           98000.00     5200.00
00245           98000.00     5200.00
00246           98000.00     5400.00
00247           98000.00     5400.00
00248           98000.00     5200.00
00249           98000.00     5200.00
00250           98000.00     5200.00
00251           98000.00     5200.00
00252           98000.00     5200.00
00253           98000.00     5200.00
00254           98000.00     5200.00
00255           98000.00     5200.00
00256           98000.00     5200.00
00257           98000.00     5200.00
00258           98000.00     5000.00
00259           98000.00     5200.00
00260           98000.00     5200.00
00261           98000.00     5000.00
00262           98000.00     5200.00
00263           98000.00     5000.00
00264           98000.00     5000.00
00265           98000.00     5000.00
00266           98000.00     5000.00
00267           98000.00     5000.00
00268           98000.00     5000.00
00269           98000.00     5000.00
00270           98000.00     5000.00
00271           96000.00     4800.00
00272           96000.00     4800.00
00273           92000.00     4600.00
00274         -100000.00    -9000.00
00275         -100000.00    -9000.00
00276         -100000.00    -8800.00
00277         -100000.00    -8800.00
00278         -100000.00    -8800.00
00279         -100000.00    -8800.00
00280         -100000.00    -8800.00
00281         -100000.00    -8800.00
00282         -100000.00    -8600.00
00283         -100000.00    -8600.00
00284         -100000.00    -8600.00
00285         -102000.00    -8600.00
00286         -102000.00    -8600.00
00287         -102000.00    -8600.00
00288         -100000.00    -8600.00
00289         -102000.00    -8600.00
00290         -102000.00    -8600.00
00291         -102000.00    -8400.00
00292         -102000.00    -8400.00
00293         -102000.00    -8400.00
00294         -102000.00    -8400.00
00295         -102000.00    -8400.00
00296         -102000.00    -8200.00
00297         -102000.00    -8200.00
00298         -102000.00    -8200.00
00299         -102000.00    -8200.00
00300         -102000.00    -8200.00
00301         -102000.00    -8000.00
00302         -102000.00    -8000.00
00303         -102000.00    -8000.00
00304         -102000.00    -8000.00
00305         -102000.00    -8000.00
00306         -102000.00    -8000.00
00307         -102000.00    -7800.00
00308         -102000.00    -7800.00
00309         -102000.00    -7800.00
00310         -102000.00    -7800.00
00311         -102000.00    -7800.00
00312         -102000.00    -7800.00
00313         -102000.00    -7600.00
00314         -102000.00    -7800.00
00315         -102000.00    -7600.00
00316         -102000.00    -7600.00
00317         -102000.00    -7600.00
00318         -102000.00    -7600.00
00319         -102000.00    -7600.00
00320         -102000.00    -7600.00
00321         -102000.00    -7600.00
00322         -102000.00    -7400.00
00323         -102000.00    -7400.00
00324         -102000.00    -7400.00
00325         -102000.00    -7400.00
00326         -102000.00    -7400.00
00327         -102000.00    -7400.00
00328         -102000.00    -7400.00
00329         -102000.00    -7400.00
00330         -102000.00    -7200.00
00331         -102000.00    -7200.00
00332         -102000.00    -7200.00
00333         -102000.00    -7200.00
00334         -102000.00    -7000.00
00335         -102000.00    -7200.00
00336         -102000.00    -7000.00
00337         -102000.00    -7000.00
00338         -102000.00    -7000.00
00339         -102000.00    -7000.00
00340         -102000.00    -7000.00
00341         -102000.00    -7000.00
00342         -102000.00    -7000.00
00343         -102000.00    -6800.00
00344         -102000.00    -6800.00
00345         -102000.00    -6800.00
00346         -102000.00    -6800.00
00347         -102000.00    -6800.00
00348         -102000.00    -6800.00
00349         -102000.00    -6800.00
00350         -102000.00    -6800.00
00351         -102000.00    -6800.00
00352         -102000.00    -6600.00
00353         -102000.00    -6600.00
00354         -104000.00    -6600.00
00355         -102000.00    -6600.00
00356         -102000.00    -6600.00
00357         -102000.00    -6600.00
00358         -102000.00    -6600.00
00359         -104000.00    -6400.00
00360         -104000.00    -6400.00
00361         -102000.00    -6400.00
00362         -104000.00    -6400.00
00363         -104000.00    -6400.00
00364         -104000.00    -6400.00
00365         -104000.00    -6400.00
00366         -104000.00    -6400.00
00367         -104000.00    -6400.00
00368         -104000.00    -6400.00
00369         -104000.00    -6400.00
00370         -104000.00    -6400.00
00371         -104000.00    -6200.00
00372         -104000.00    -6200.00
00373         -104000.00    -6200.00
00374         -104000.00    -6200.00
00375         -104000.00    -6200.00
00376         -104000.00    -6200.00
00377         -104000.00    -6200.00
00378         -104000.00    -6000.00
00379         -104000.00    -6000.00
00380         -104000.00    -6000.00
00381         -104000.00    -6000.00
00382         -104000.00    -6000.00
00383         -104000.00    -6000.00
00384         -104000.00    -6000.00
00385         -104000.00    -6000.00
00386         -104000.00    -6000.00
00387         -104000.00    -6000.00
00388         -104000.00    -6000.00
00389         -104000.00    -6000.00
00390         -104000.00    -6000.00
00391         -104000.00    -5800.00
00392         -104000.00    -5800.00
00393         -104000.00    -5800.00
00394         -104000.00    -5800.00
00395         -104000.00    -5800.00
00396         -104000.00    -5800.00
00397         -104000.00    -5800.00
00398         -104000.00    -5800.00
00399         -104000.00    -5800.00
00400         -104000.00    -5800.00
00401         -104000.00    -5800.00
00402         -104000.00    -5800.00
00403         -104000.00    -5600.00
00404         -104000.00    -5600.00
00405         -104000.00    -5600.00
00406         -104000.00    -5600.00
00407         -104000.00    -5600.00
00408         -104000.00    -5600.00
00409         -104000.00    -5600.00
00410         -104000.00    -5600.00
00411         -104000.00    -5600.00
00412         -104000.00    -5600.00
00413         -104000.00    -5400.00
00414         -104000.00    -5400.00
00415         -104000.00    -5400.00
00416         -104000.00    -5400.00
00417         -104000.00    -5400.00
00418         -104000.00    -5400.00
00419         -104000.00    -5400.00
00420         -104000.00    -5400.00
00421         -104000.00    -5400.00
00422         -104000.00    -5400.00
00423         -104000.00    -5200.00
00424         -104000.00    -5400.00
00425         -104000.00    -5200.00
00426         -104000.00    -5400.00
00427         -104000.00    -5200.00
00428         -104000.00    -5400.00
00429         -104000.00    -5200.00
00430         -104000.00    -5200.00
00431         -104000.00    -5200.00
00432         -104000.00    -5200.00
00433         -104000.00    -5200.00
00434         -104000.00    -5200.00
00435         -104000.00    -5200.00
00436         -104000.00    -5200.00
00437         -104000.00    -5200.00
00438         -104000.00    -5200.00
00439         -104000.00    -5000.00
00440         -104000.00    -5000.00
00441         -104000.00    -5000.00
00442         -104000.00    -5000.00
00443         -104000.00    -5000.00
00444         -104000.00    -5000.00
00445         -104000.00    -5000.00
00446         -104000.00    -5000.00
00447         -104000.00    -5000.00
00448         -104000.00    -5000.00
00449         -104000.00    -5000.00
00450         -104000.00    -5000.00
00451         -104000.00    -4800.00
00452         -104000.00    -5000.00
00453         -104000.00    -5000.00
00454         -104000.00    -5000.00
00455         -104000.00    -4800.00
00456         -104000.00    -4800.00
00457         -104000.00    -4800.00
00458         -104000.00    -4800.00
00459         -104000.00    -4800.00
00460         -104000.00    -4800.00
00461         -102000.00    -4600.00
00462          -98000.00    -4200.00
00463           92000.00     9200.00
00464           94000.00     9000.00
00465           94000.00     9000.00
00466           94000.00     9000.00
00467           94000.00     9000.00
00468           94000.00     8800.00
00469           94000.00     8800.00
00470           94000.00     8800.00
00471           94000.00     8800.00
00472           94000.00     8800.00
00473           94000.00     8800.00
00474           94000.00     8800.00
00475           94000.00     8800.00
00476           94000.00     8800.00
00477           94000.00     8800.00
00478           94000.00     8600.00
00479           94000.00     8600.00
00480           94000.00     8600.00
00481           94000.00     8600.00
00482           94000.00     8600.00
00483           94000.00     8400.00
00484           94000.00     8400.00
00485           94000.00     8400.00
00486           94000.00     8400.00
00487           94000.00     8400.00
00488           94000.00     8200.00
00489           94000.00     8200.00
00490           94000.00     8200.00
00491           94000.00     8200.00
00492           94000.00     8000.00
00493           94000.00     8000.00
00494           94000.00     8000.00
00495           94000.00     8000.00
00496           94000.00     8000.00
00497           94000.00     8000.00
00498           96000.00     8000.00
00499           96000.00     8000.00
00500           96000.00     8000.00
00501           96000.00     7800.00
00502           96000.00     7800.00
00503           96000.00     7800.00
00504           96000.00     7800.00
00505           96000.00     7600.00
00506           96000.00     7600.00
00507           96000.00     7600.00
00508           96000.00     7600.00
00509           96000.00     7600.00
00510           96000.00     7600.00
00511           96000.00     7600.00
00512           96000.00     7600.00
00513           96000.00     7400.00
00514           96000.00     7400.00
00515           96000.00     7400.00
00516           96000.00     7400.00
00517           96000.00     7400.00
00518           96000.00     7400.00
00519           96000.00     7200.00
00520           96000.00     7200.00
00521           96000.00     7200.00
00522           96000.00     7200.00
00523           96000.00     7200.00
00524           96000.00     7200.00
00525           96000.00     7000.00
00526           96000.00     7000.00
00527           96000.00     7200.00
00528           96000.00     7000.00
00529           96000.00     7000.00
00530           96000.00     7000.00
00531           96000.00     7000.00
00532           96000.00     7000.00
00533           96000.00     7000.00
00534           96000.00     6800.00
00535           96000.00     7000.00
00536           96000.00     6800.00
00537           96000.00     7000.00
00538           96000.00     6800.00
00539           96000.00     6800.00
00540           96000.00     6800.00
00541           96000.00     6800.00
00542           96000.00     6600.00
00543           96000.00     6800.00
00544           96000.00     6600.00
00545           96000.00     6600.00
00546           96000.00     6600.00
00547           96000.00     6600.00
00548           96000.00     6600.00
00549           96000.00     6600.00
00550           96000.00     6400.00
00551           96000.00     6600.00
00552           96000.00     6600.00
00553           96000.00     6400.00
00554           96000.00     6400.00
00555           96000.00     6400.00
00556           96000.00     6400.00
00557           96000.00     6400.00
00558           96000.00     6400.00
00559           96000.00     6400.00
00560           96000.00     6400.00
00561           96000.00     6400.00
00562           96000.00     6400.00
00563           96000.00     6200.00
00564           96000.00     6200.00
00565           96000.00     6200.00
00566           96000.00     6200.00
00567           96000.00     6200.00
00568           96000.00     6200.00
00569           96000.00     6200.00
00570           96000.00     6200.00
00571           96000.00     6000.00
00572           96000.00     6200.00
00573           96000.00     6000.00
00574           96000.00     6000.00
00575           96000.00     6000.00
00576           96000.00     6000.00
00577           96000.00     6000.00
00578           96000.00     6000.00
00579           96000.00     5800.00
00580           96000.00     5800.00
00581           96000.00     5800.00
00582           96000.00     6000.00
00583           96000.00     5800.00
00584           96000.00     5800.00
00585           96000.00     5800.00
00586           98000.00     5800.00
00587           96000.00     5800.00
00588           98000.00     5800.00
00589           96000.00     5800.00
00590           98000.00     5800.00
00591           98000.00     5800.00
00592           96000.00     5800.00
00593           98000.00     5600.00
00594           96000.00     5600.00
00595           96000.00     5600.00
00596           96000.00     5600.00
00597           98000.00     5600.00
00598           98000.00     5600.00
00599           98000.00     5600.00
00600           98000.00     5600.00
00601           98000.00     5600.00
00602           98000.00     5600.00
00603           96000.00     5400.00
00604           98000.00     5600.00
00605           98000.00     5400.00
00606           98000.00     5400.00
00607           98000.00     5400.00
00608           98000.00     5400.00
00609           98000.00     5400.00
00610           98000.00     5400.00
00611           98000.00     5400.00
00612           98000.00     5400.00
00613           98000.00     5400.00
00614           98000.00     5400.00
00615           98000.00     5400.00
00616           98000.00     5400.00
00617           98000.00     5400.00
00618           98000.00     5200.00
00619           98000.00     5200.00
00620           98000.00     5200.00
00621           98000.00     5400.00
00622           98000.00     5200.00
00623           98000.00     5200.00
00624           98000.00     5200.00
00625           98000.00     5200.00
00626           98000.00     5200.00
00627           98000.00     5000.00
00628           98000.00     5000.00
00629           98000.00     5000.00
00630           98000.00     5000.00
00631           98000.00     5200.00
00632           98000.00     5200.00
00633           98000.00     5000.00
00634           98000.00     5000.00
00635           98000.00     5000.00
00636           98000.00     5000.00
00637           98000.00     5000.00
00638           98000.00     5000.00
00639           98000.00     5000.00
00640           98000.00     5000.00
00641           98000.00     5000.00
00642           98000.00     5000.00
00643           98000.00     5000.00
00644           96000.00     4800.00
00645           96000.00     4800.00
00646          -12000.00    -1800.00
00647         -100000.00    -9000.00
00648         -100000.00    -9000.00
00649         -100000.00    -8800.00
00650         -100000.00    -8800.00
00651         -100000.00    -8800.00
00652         -100000.00    -8800.00
00653         -100000.00    -8800.00
00654         -100000.00    -8600.00
00655         -100000.00    -8600.00
00656         -100000.00    -8600.00
00657         -100000.00    -8600.00
00658         -100000.00    -8600.00
00659         -102000.00    -8600.00
00660         -100000.00    -8600.00
00661         -102000.00    -8600.00
00662         -102000.00    -8600.00
00663         -102000.00    -8400.00
00664         -102000.00    -8400.00
00665         -102000.00    -8400.00
00666         -102000.00    -8400.00
00667         -102000.00    -8400.00
00668         -102000.00    -8400.00
00669         -102000.00    -8200.00
00670         -102000.00    -8200.00
00671         -102000.00    -8200.00
00672         -102000.00    -8200.00
00673         -102000.00    -8200.00
00674         -102000.00    -8000.00
00675         -102000.00    -8200.00
00676         -102000.00    -8000.00
00677         -102000.00    -8000.00
00678         -102000.00    -8000.00
00679         -102000.00    -8000.00
00680         -102000.00    -7800.00
00681         -102000.00    -7800.00
00682         -102000.00    -7800.00
00683         -102000.00    -7800.00
00684         -102000.00    -7800.00
00685         -102000.00    -7800.00
00686         -102000.00    -7800.00
00687         -102000.00    -7600.00
00688         -102000.00    -7600.00
00689         -102000.00    -7600.00
00690         -102000.00    -7600.00
00691         -102000.00    -7600.00
00692         -102000.00    -7600.00
00693         -102000.00    -7400.00
00694         -102000.00    -7400.00
00695         -102000.00    -7400.00
00696         -102000.00    -7400.00
00697         -102000.00    -7400.00
00698         -102000.00    -7400.00
00699         -102000.00    -7200.00
00700         -102000.00    -7200.00
00701         -102000.00    -7200.00
00702         -102000.00    -7200.00
00703         -102000.00    -7200.00
00704         -102000.00    -7200.00
00705         -102000.00    -7200.00
00706         -102000.00    -7200.00
00707         -102000.00    -7200.00
00708         -102000.00    -7200.00
00709         -102000.00    -7000.00
00710         -102000.00    -7000.00
00711         -102000.00    -7000.00
00712         -102000.00    -7000.00
00713         -102000.00    -7000.00
00714         -102000.00    -7000.00
00715         -102000.00    -7000.00
00716         -102000.00    -6800.00
00717         -102000.00    -6800.00
00718         -102000.00    -6800.00
00719         -102000.00    -6800.00
00720         -102000.00    -6800.00
00721         -102000.00    -6800.00
00722         -102000.00    -6800.00
00723         -102000.00    -6800.00
00724         -102000.00    -6600.00
00725         -102000.00    -6600.00
00726         -102000.00    -6600.00
00727         -102000.00    -6600.00
00728         -102000.00    -6600.00
00729         -102000.00    -6600.00
00730         -104000.00    -6600.00
00731         -104000.00    -6400.00
00732         -102000.00    -6400.00
00733         -104000.00    -6400.00
00734         -104000.00    -6400.00
00735         -102000.00    -6400.00
00736         -104000.00    -6400.00
00737         -104000.00    -6400.00
00738         -104000.00    -6400.00
00739         -102000.00    -6400.00
00740         -104000.00    -6400.00
00741         -104000.00    -6200.00
00742         -104000.00    -6400.00
00743         -104000.00    -6200.00
00744         -104000.00    -6200.00
00745         -104000.00    -6200.00
00746         -104000.00    -6200.00
00747         -104000.00    -6200.00
00748         -104000.00    -6200.00
00749         -104000.00    -6200.00
00750         -104000.00    -6200.00
00751         -104000.00    -6200.00
00752         -104000.00    -6000.00
00753         -104000.00    -6000.00
00754         -104000.00    -6000.00
00755         -104000.00    -6000.00
00756         -104000.00    -6000.00
00757         -104000.00    -6000.00
00758         -104000.00    -6000.00
00759         -104000.00    -6000.00
00760         -104000.00    -6000.00
00761         -104000.00    -6000.00
00762         -104000.00    -5800.00
00763         -104000.00    -6000.00
00764         -104000.00    -5800.00
00765         -104000.00    -5800.00
00766         -104000.00    -5800.00
00767         -104000.00    -5800.00
00768         -104000.00    -5800.00
00769         -104000.00    -5800.00
00770         -104000.00    -5800.00
00771         -104000.00    -5800.00
00772         -104000.00    -5800.00
00773         -104000.00    -5600.00
00774         -104000.00    -5600.00
00775         -104000.00    -5600.00
00776         -104000.00    -5600.00
00777         -104000.00    -5600.00
00778         -104000.00    -5600.00
00779         -104000.00    -5600.00
00780         -104000.00    -5600.00
00781         -104000.00    -5600.00
00782         -104000.00    -5600.00
00783         -104000.00    -5600.00
00784         -104000.00    -5600.00
00785         -104000.00    -5400.00
00786         -104000.00    -5400.00
00787         -104000.00    -5400.00
00788         -104000.00    -5400.00
00789         -104000.00    -5400.00
00790         -104000.00    -5400.00
00791         -104000.00    -5400.00
00792         -104000.00    -5400.00
00793         -104000.00    -5400.00
00794         -104000.00    -5400.00
00795         -104000.00    -5400.00
00796         -104000.00    -5400.00
00797         -104000.00    -5400.00
00798         -104000.00    -5200.00
00799         -104000.00    -5200.00
00800         -104000.00    -5200.00
00801         -104000.00    -5200.00
00802         -104000.00    -5200.00
00803         -104000.00    -5200.00
00804         -104000.00    -5200.00
00805         -104000.00    -5200.00
00806         -104000.00    -5200.00
00807         -104000.00    -5200.00
00808         -104000.00    -5200.00
00809         -104000.00    -5000.00
00810         -104000.00    -5200.00
00811         -104000.00    -5200.00
00812         -104000.00    -5200.00
00813         -104000.00    -5000.00
00814         -104000.00    -5000.00
00815         -104000.00    -5000.00
00816         -104000.00    -5000.00
00817         -104000.00    -5000.00
00818         -104000.00    -5000.00
00819         -104000.00    -5000.00
00820         -104000.00    -5000.00
00821         -104000.00    -5000.00
00822         -104000.00    -5000.00
00823         -104000.00    -5000.00
00824         -104000.00    -5000.00
00825         -104000.00    -5000.00
00826         -104000.00    -5000.00
00827         -104000.00    -5000.00
00828         -104000.00    -4800.00
00829         -104000.00    -5000.00
00830         -104000.00    -4800.00
00831         -104000.00    -4800.00
00832         -104000.00    -4800.00
00833         -104000.00    -4600.00
00834         -102000.00    -4600.00
00835          -32000.00    -1000.00
00836           94000.00     9000.00
00837           92000.00     9000.00
00838           92000.00     9000.00
00839           94000.00     9000.00
00840           94000.00     8800.00
00841           94000.00     8800.00
00842           94000.00     8800.00
00843           94000.00     8800.00
00844           94000.00     8800.00
00845           94000.00     8600.00
00846           94000.00     8600.00
00847           94000.00     8600.00
00848           94000.00     8600.00
00849           94000.00     8600.00
00850           94000.00     8600.00
00851           94000.00     8600.00
00852           94000.00     8600.00
00853           94000.00     8600.00
00854           94000.00     8400.00
00855           94000.00     8400.00
00856           94000.00     8400.00
00857           94000.00     8400.00
00858           94000.00     8400.00
00859           94000.00     8400.00
00860           94000.00     8400.00
00861           94000.00     8200.00
00862           94000.00     8200.00
00863           94000.00     8200.00
00864           94000.00     8000.00
00865           94000.00     8200.00
00866           94000.00     8000.00
00867           94000.00     8000.00
00868           96000.00     8000.00
00869           96000.00     8000.00
00870           94000.00     8000.00
00871           96000.00     8000.00
00872           94000.00     7800.00
00873           94000.00     7800.00
00874           94000.00     7800.00
00875           96000.00     7800.00
00876           96000.00     7800.00
00877           96000.00     7800.00
00878           96000.00     7800.00
00879           96000.00     7600.00
00880           96000.00     7600.00
00881           96000.00     7600.00
00882           96000.00     7600.00
00883           96000.00     7600.00
00884           96000.00     7600.00
00885           96000.00     7600.00
00886           96000.00     7600.00
00887           96000.00     7400.00
00888           96000.00     7400.00
00889           96000.00     7400.00
00890           96000.00     7400.00
00891           96000.00     7400.00
00892           96000.00     7200.00
00893           96000.00     7200.00
00894           96000.00     7200.00
00895           96000.00     7200.00
00896           96000.00     7200.00
00897           96000.00     7200.00
00898           96000.00     7200.00
00899           96000.00     7200.00
00900           96000.00     7200.00
00901           96000.00     7000.00
00902           96000.00     7000.00
00903           96000.00     7000.00
00904           96000.00     7000.00
00905           96000.00     7000.00
00906           96000.00     7000.00
00907           96000.00     7000.00
00908           96000.00     7000.00
00909           96000.00     6800.00
00910           96000.00     6800.00
00911           96000.00     6800.00
00912           96000.00     6800.00
00913           96000.00     6800.00
00914           96000.00     6800.00
00915           96000.00     6600.00
00916           96000.00     6800.00
00917           96000.00     6600.00
00918           96000.00     6600.00
00919           96000.00     6600.00
00920           96000.00     6600.00
00921           96000.00     6600.00
00922           96000.00     6600.00
00923           96000.00     6600.00
00924           96000.00     6400.00
00925           96000.00     6600.00
00926           96000.00     6400.00
00927           96000.00     6400.00
00928           96000.00     6400.00
00929           96000.00     6400.00
00930           96000.00     6400.00
00931           96000.00     6400.00
00932           96000.00     6400.00
00933           96000.00     6400.00
00934           96000.00     6400.00
00935           96000.00     6200.00
00936           96000.00     6200.00
00937           96000.00     6200.00
00938           96000.00     6200.00
00939           96000.00     6200.00
00940           96000.00     6200.00
00941           96000.00     6200.00
00942           96000.00     6200.00
00943           96000.00     6200.00
00944           96000.00     6200.00
00945           96000.00     6000.00
00946           96000.00     6000.00
00947           96000.00     6000.00
00948           96000.00     6000.00
00949           96000.00     6000.00
00950           96000.00     6000.00
00951           96000.00     5800.00
00952           96000.00     6000.00
00953           96000.00     6000.00
00954           98000.00     5800.00
00955           96000.00     6000.00
00956           96000.00     6000.00
00957           96000.00     5800.00
00958           96000.00     5800.00
00959           96000.00     5800.00
00960           96000.00     5800.00
00961           96000.00     5800.00
00962           96000.00     5800.00
00963           96000.00     5800.00
00964           96000.00     5800.00
00965           96000.00     5600.00
00966           98000.00     5600.00
00967           98000.00     5600.00
00968           98000.00     5600.00
00969           98000.00     5600.00
00970           98000.00     5600.00
00971           98000.00     5600.00
00972           98000.00     5600.00
00973           98000.00     5600.00
00974           98000.00     5600.00
00975           98000.00     5400.00
00976           98000.00     5400.00
00977           98000.00     5400.00
00978           98000.00     5400.00
00979           96000.00     5400.00
00980           98000.00     5400.00
00981           98000.00     5400.00
00982           98000.00     5400.00
00983           98000.00     5400.00
00984           98000.00     5400.00
00985           98000.00     5400.00
00986           98000.00     5400.00
00987           98000.00     5200.00
00988           98000.00     5200.00
00989           98000.00     5200.00
00990           98000.00     5200.00
00991           98000.00     5400.00
00992           98000.00     5200.00
00993           98000.00     5200.00
00994           98000.00     5200.00
00995           98000.00     5200.00
00996           98000.00     5200.00
00997           98000.00     5200.00
00998           98000.00     5200.00
00999           98000.00     5200.00
01000           98000.00     5200.00
