Unit:(mV)
                     CH1         CH2
Frequency           <2Hz           ?
Period               N/A           ?
00001           76000.00     1000.00
00002           10000.00    -2800.00
00003           48000.00    -1000.00
00004           36000.00      800.00
00005           52000.00      600.00
00006           66000.00     1400.00
00007           58000.00      400.00
00008           52000.00     -400.00
00009           50000.00      600.00
00010           50000.00      400.00
00011           52000.00      200.00
00012           86000.00      800.00
00013           80000.00     1800.00
00014           16000.00    -1400.00
00015           76000.00      400.00
00016           44000.00      800.00
00017           66000.00      200.00
00018           60000.00      800.00
00019           44000.00      800.00
00020           58000.00     1000.00
00021           32000.00    -1000.00
00022           54000.00    -1200.00
00023           20000.00    -1000.00
00024           56000.00      800.00
00025           52000.00     1400.00
00026           48000.00      200.00
00027           44000.00      800.00
00028           44000.00        0.00
00029           86000.00     2000.00
00030           60000.00      800.00
00031           54000.00     1200.00
00032           32000.00     -600.00
00033           38000.00    -1200.00
00034           22000.00    -1200.00
00035           58000.00      200.00
00036           58000.00     -800.00
00037           52000.00     -400.00
00038           56000.00     1400.00
00039           74000.00      800.00
00040           44000.00     -200.00
00041           42000.00     -600.00
00042           30000.00    -1000.00
00043           44000.00    -1000.00
00044           50000.00     1200.00
00045           26000.00     -800.00
00046           34000.00        0.00
00047           40000.00     1200.00
00048           48000.00     -600.00
00049           54000.00    -1000.00
00050           40000.00     -200.00
00051           16000.00     -600.00
00052           66000.00     -600.00
00053           72000.00     1000.00
00054           72000.00     1600.00
00055           76000.00     1000.00
00056           54000.00        0.00
00057           48000.00     1000.00
00058           26000.00    -2000.00
00059           64000.00    -1000.00
00060           64000.00     -400.00
00061           38000.00     -600.00
00062           50000.00    -1000.00
00063           42000.00    -1000.00
00064           38000.00     -600.00
00065           36000.00      200.00
00066           52000.00        0.00
00067           60000.00      200.00
00068           52000.00     -400.00
00069           50000.00     -200.00
00070           42000.00     -400.00
00071           36000.00     -400.00
00072           52000.00        0.00
00073           42000.00      200.00
00074           58000.00      200.00
00075           24000.00        0.00
00076           28000.00    -1400.00
00077           38000.00    -1200.00
00078           20000.00     -400.00
00079           60000.00     -600.00
00080           28000.00    -1600.00
00081           22000.00        0.00
00082           42000.00     -400.00
00083           68000.00     2000.00
00084           36000.00    -1200.00
00085           38000.00     -800.00
00086           34000.00        0.00
00087           58000.00     1200.00
00088           64000.00        0.00
00089           66000.00     1000.00
00090           80000.00     1200.00
00091           52000.00      800.00
00092           82000.00      800.00
00093           34000.00     -200.00
00094           40000.00    -1000.00
00095           54000.00        0.00
00096           60000.00        0.00
00097           50000.00     1400.00
00098           24000.00    -1200.00
00099           40000.00     -800.00
00100           70000.00     -200.00
00101           56000.00     1200.00
00102           44000.00    -1200.00
00103           32000.00      200.00
00104           32000.00    -1800.00
00105           36000.00    -1200.00
00106           66000.00      800.00
00107           54000.00     -200.00
00108           82000.00        0.00
00109           56000.00     -200.00
00110           42000.00    -1000.00
00111           84000.00     2000.00
00112           56000.00        0.00
00113           26000.00     -400.00
00114           28000.00     -600.00
00115           56000.00     1200.00
00116           36000.00     -200.00
00117           28000.00     -200.00
00118           30000.00    -1000.00
00119           28000.00     -200.00
00120           56000.00     -400.00
00121           44000.00      400.00
00122           52000.00      200.00
00123           46000.00      400.00
00124           52000.00     1200.00
00125           44000.00      200.00
00126           78000.00     1200.00
00127           38000.00     -600.00
00128           50000.00     -200.00
00129           12000.00     -200.00
00130           64000.00      400.00
00131           20000.00    -2200.00
00132           66000.00     -200.00
00133           30000.00     -600.00
00134           62000.00    -1000.00
00135           66000.00     1400.00
00136           22000.00    -1200.00
00137           60000.00    -1000.00
00138           50000.00    -1000.00
00139           80000.00     1200.00
00140           58000.00     -600.00
00141           48000.00        0.00
00142           62000.00      400.00
00143           48000.00     1600.00
00144           68000.00     1200.00
00145           26000.00     1000.00
00146           22000.00    -1200.00
00147           54000.00        0.00
00148           44000.00     -200.00
00149           74000.00      800.00
00150           38000.00      200.00
00151           54000.00      600.00
00152           48000.00     -200.00
00153           50000.00      800.00
00154           40000.00     -200.00
00155           52000.00     -200.00
00156           68000.00     1000.00
00157           66000.00      400.00
00158           42000.00     -200.00
00159           38000.00     -800.00
00160           64000.00      600.00
00161           64000.00     1400.00
00162           12000.00    -1000.00
00163           54000.00      400.00
00164           78000.00     1200.00
00165           70000.00     -200.00
00166           74000.00      800.00
00167           72000.00     1200.00
00168           78000.00     2400.00
00169           50000.00    -1600.00
00170           56000.00    -1200.00
00171           28000.00     -800.00
00172           60000.00     -200.00
00173           46000.00    -1600.00
00174           62000.00        0.00
00175           68000.00     1200.00
00176           50000.00     -200.00
00177           60000.00      400.00
00178           20000.00    -1400.00
00179           46000.00      800.00
00180           46000.00      200.00
00181           66000.00      800.00
00182           62000.00      200.00
00183           52000.00        0.00
00184           40000.00        0.00
00185           40000.00    -1200.00
00186           30000.00    -1600.00
00187           34000.00     -600.00
00188           32000.00     -600.00
00189           32000.00        0.00
00190           32000.00    -1000.00
00191           72000.00     1200.00
00192           30000.00    -1800.00
00193           52000.00     -400.00
00194           54000.00     -200.00
00195           54000.00     -400.00
00196           48000.00     1000.00
00197           12000.00     -600.00
00198           44000.00      200.00
00199           32000.00      200.00
00200           64000.00      800.00
00201           32000.00     -200.00
00202           66000.00     -600.00
00203           82000.00     2400.00
00204           48000.00     -200.00
00205           62000.00      200.00
00206           54000.00      600.00
00207           34000.00     -800.00
00208           52000.00      200.00
00209           54000.00     -600.00
00210           40000.00      200.00
00211           32000.00     -800.00
00212           58000.00     1000.00
00213           20000.00      200.00
00214           56000.00     -400.00
00215           62000.00      200.00
00216           60000.00     -400.00
00217           56000.00     -200.00
00218           30000.00    -1800.00
00219           52000.00     -600.00
00220           50000.00     -800.00
00221           18000.00    -1400.00
00222           28000.00    -1000.00
00223           52000.00    -1000.00
00224           52000.00    -1600.00
00225           46000.00     -200.00
00226           72000.00      800.00
00227           50000.00     -600.00
00228           70000.00     2400.00
00229           50000.00      600.00
00230           58000.00      400.00
00231           66000.00      400.00
00232           50000.00     1200.00
00233           46000.00    -1200.00
00234           40000.00     -800.00
00235           50000.00     -600.00
00236           52000.00      800.00
00237           60000.00     1000.00
00238           78000.00      800.00
00239           44000.00     1400.00
00240           48000.00      200.00
00241           60000.00     -400.00
00242           48000.00      400.00
00243           44000.00        0.00
00244           66000.00      800.00
00245           48000.00    -1000.00
00246           52000.00     -800.00
00247           44000.00        0.00
00248           38000.00        0.00
00249           34000.00     -800.00
00250           64000.00     -600.00
00251           26000.00     -400.00
00252           52000.00     1000.00
00253           54000.00        0.00
00254           38000.00     -600.00
00255           24000.00    -1200.00
00256           64000.00     1200.00
00257           74000.00     2000.00
00258           34000.00     -200.00
00259           16000.00    -1200.00
00260           42000.00    -2200.00
00261           54000.00     -400.00
00262           72000.00     1800.00
00263           64000.00     1000.00
00264           20000.00        0.00
00265           70000.00      600.00
00266           44000.00      400.00
00267           26000.00      200.00
00268           44000.00     -400.00
00269           46000.00    -1200.00
00270           36000.00      800.00
00271           66000.00     -800.00
00272           58000.00      200.00
00273           18000.00    -1600.00
00274           42000.00     -400.00
00275           44000.00     -600.00
00276           66000.00     1000.00
00277           34000.00     -200.00
00278           68000.00     1600.00
00279           52000.00     1200.00
00280           66000.00        0.00
00281           38000.00      600.00
00282           50000.00        0.00
00283           60000.00      400.00
00284           62000.00      400.00
00285           36000.00    -1200.00
00286           24000.00    -1800.00
00287           56000.00     1000.00
00288           44000.00    -1200.00
00289           64000.00      400.00
00290           12000.00    -3000.00
00291           66000.00     1000.00
00292           38000.00      200.00
00293           20000.00    -1400.00
00294           68000.00        0.00
00295           72000.00        0.00
00296           64000.00     1400.00
00297           50000.00     -200.00
00298           40000.00      200.00
00299           38000.00    -1600.00
00300           36000.00      200.00
00301           54000.00      600.00
00302           28000.00     -200.00
00303           54000.00     -200.00
00304           28000.00     -600.00
00305           38000.00      400.00
00306           56000.00      800.00
00307           24000.00    -1800.00
00308           76000.00      200.00
00309           48000.00      800.00
00310           52000.00     -200.00
00311           54000.00      600.00
00312           36000.00      200.00
00313           54000.00      600.00
00314           60000.00     1200.00
00315           72000.00     1200.00
00316           66000.00     1000.00
00317           64000.00      800.00
00318           66000.00     1400.00
00319           44000.00    -1000.00
00320           68000.00     -200.00
00321           70000.00     1800.00
00322           18000.00    -2000.00
00323           78000.00     2200.00
00324           64000.00     -400.00
00325           68000.00      200.00
00326           32000.00      600.00
00327           54000.00     1200.00
00328           74000.00      200.00
00329           42000.00     -600.00
00330           18000.00    -1400.00
00331           10000.00    -1000.00
00332           26000.00     -800.00
00333           62000.00      600.00
00334           60000.00      600.00
00335           38000.00      400.00
00336           60000.00     1200.00
00337           20000.00    -1800.00
00338           34000.00      600.00
00339           52000.00      600.00
00340           64000.00      800.00
00341           36000.00    -1400.00
00342           44000.00    -1200.00
00343           56000.00     1600.00
00344           36000.00     -200.00
00345           20000.00    -1000.00
00346           36000.00      200.00
00347           32000.00     -400.00
00348           62000.00     1000.00
00349           32000.00     -200.00
00350           66000.00      600.00
00351           58000.00      800.00
00352           46000.00     -600.00
00353           48000.00        0.00
00354           50000.00      200.00
00355           34000.00      800.00
00356           74000.00     -200.00
00357           48000.00      800.00
00358           24000.00     -400.00
00359           54000.00    -1000.00
00360           78000.00        0.00
00361           52000.00     -400.00
00362           10000.00    -1400.00
00363           56000.00      800.00
00364           26000.00    -1200.00
00365           26000.00      800.00
00366           40000.00      200.00
00367           44000.00      600.00
00368           38000.00     -800.00
00369           48000.00     -200.00
00370           56000.00        0.00
00371           22000.00    -1000.00
00372           72000.00     1000.00
00373           60000.00     1800.00
00374           60000.00      400.00
00375           78000.00     1200.00
00376           82000.00      400.00
00377           46000.00      400.00
00378           28000.00    -1400.00
00379           60000.00     -800.00
00380           56000.00     -400.00
00381           28000.00      400.00
00382           42000.00        0.00
00383           68000.00     -600.00
00384           48000.00      800.00
00385           44000.00      200.00
00386           70000.00      800.00
00387           76000.00     -400.00
00388           44000.00    -1200.00
00389           70000.00        0.00
00390           38000.00    -1600.00
00391           24000.00    -1600.00
00392           66000.00     1200.00
00393           48000.00      400.00
00394           68000.00     1400.00
00395           52000.00      400.00
00396           62000.00     1400.00
00397           26000.00    -1600.00
00398           46000.00    -1200.00
00399           54000.00      800.00
00400           32000.00        0.00
00401           32000.00        0.00
00402           22000.00    -1000.00
00403           68000.00      600.00
00404           22000.00      400.00
00405           76000.00      800.00
00406           74000.00      600.00
00407           80000.00     1000.00
00408           32000.00     -200.00
00409           60000.00      400.00
00410           60000.00      800.00
00411           54000.00    -1400.00
00412           16000.00     -400.00
00413           44000.00      200.00
00414           52000.00     -400.00
00415           18000.00    -1000.00
00416           56000.00        0.00
00417           16000.00    -2000.00
00418           48000.00        0.00
00419           68000.00     -400.00
00420           50000.00    -1000.00
00421           34000.00    -2000.00
00422           62000.00     1200.00
00423           40000.00     -600.00
00424           52000.00      200.00
00425           62000.00        0.00
00426           28000.00    -2400.00
00427           66000.00     1400.00
00428           56000.00     1600.00
00429           62000.00      200.00
00430           44000.00     -400.00
00431           36000.00     -600.00
00432           64000.00     1800.00
00433           60000.00        0.00
00434           56000.00      200.00
00435           26000.00    -1200.00
00436           26000.00      200.00
00437           38000.00     1000.00
00438           36000.00        0.00
00439           40000.00      600.00
00440           46000.00     -800.00
00441           42000.00     -400.00
00442           60000.00     1000.00
00443           72000.00     -400.00
00444           76000.00      200.00
00445           66000.00      600.00
00446           58000.00     -200.00
00447           46000.00     -200.00
00448           20000.00     -800.00
00449           60000.00     -800.00
00450           64000.00     -200.00
00451           42000.00     -600.00
00452           28000.00        0.00
00453           38000.00        0.00
00454           74000.00        0.00
00455           80000.00     1400.00
00456           38000.00     -600.00
00457           38000.00        0.00
00458           64000.00        0.00
00459           28000.00    -1000.00
00460           18000.00    -2200.00
00461           40000.00     -400.00
00462           28000.00    -2200.00
00463           48000.00     -400.00
00464           28000.00     -400.00
00465           48000.00     -800.00
00466           42000.00      600.00
00467           72000.00      800.00
00468           58000.00     -800.00
00469           38000.00     -200.00
00470           66000.00      200.00
00471           34000.00     -200.00
00472           38000.00      400.00
00473           56000.00      400.00
00474           82000.00     1800.00
00475           36000.00     -200.00
00476           50000.00        0.00
00477           60000.00      200.00
00478           16000.00    -1000.00
00479           24000.00        0.00
00480           60000.00     1200.00
00481           44000.00        0.00
00482           44000.00    -1200.00
00483           28000.00      800.00
00484           42000.00    -1200.00
00485           68000.00        0.00
00486           66000.00     -200.00
00487           46000.00     -400.00
00488           46000.00    -1200.00
00489           64000.00        0.00
00490           16000.00     -600.00
00491           72000.00     2000.00
00492           72000.00      600.00
00493           80000.00     1600.00
00494           42000.00     1200.00
00495           18000.00     -600.00
00496           54000.00      200.00
00497           30000.00    -1000.00
00498           72000.00     1200.00
00499           26000.00    -1000.00
00500           78000.00     1200.00
00501           38000.00     -200.00
00502           48000.00     -800.00
00503           42000.00    -1000.00
00504           38000.00    -1400.00
00505           76000.00      800.00
00506           32000.00     -600.00
00507           26000.00      600.00
00508           58000.00     1600.00
00509           84000.00     1200.00
00510           48000.00     -400.00
00511           58000.00     1000.00
00512           62000.00      600.00
00513           52000.00      600.00
00514           56000.00        0.00
00515           30000.00    -1200.00
00516           56000.00     -800.00
00517           30000.00    -1200.00
00518           44000.00     -400.00
00519           60000.00        0.00
00520           28000.00     -400.00
00521           46000.00      400.00
00522           80000.00      600.00
00523           54000.00     1000.00
00524           68000.00     -600.00
00525           30000.00    -1400.00
00526           54000.00      600.00
00527           24000.00    -1600.00
00528           66000.00     1200.00
00529           74000.00     2200.00
00530           62000.00      800.00
00531           16000.00    -2600.00
00532           16000.00        0.00
00533           46000.00        0.00
00534           50000.00        0.00
00535           30000.00    -1200.00
00536           56000.00     -800.00
00537           28000.00    -1800.00
00538           36000.00      400.00
00539           48000.00    -1200.00
00540           20000.00    -1600.00
00541           46000.00      600.00
00542           76000.00     2000.00
00543           34000.00     -400.00
00544           48000.00      800.00
00545           22000.00     -400.00
00546           50000.00      600.00
00547           50000.00     1600.00
00548           28000.00     -800.00
00549           34000.00        0.00
00550           34000.00        0.00
00551           28000.00    -1000.00
00552           50000.00      600.00
00553           42000.00      200.00
00554           42000.00     -800.00
00555           82000.00      800.00
00556           46000.00    -1000.00
00557           28000.00    -1600.00
00558           62000.00     1600.00
00559           56000.00        0.00
00560           38000.00     -600.00
00561           26000.00     -200.00
00562           54000.00      600.00
00563           46000.00    -1600.00
00564           78000.00     1400.00
00565           20000.00     -200.00
00566           58000.00     1200.00
00567           66000.00      600.00
00568           50000.00      800.00
00569           60000.00        0.00
00570           58000.00      400.00
00571           44000.00    -1000.00
00572           52000.00      200.00
00573           74000.00     1800.00
00574           62000.00      600.00
00575           28000.00    -1000.00
00576           56000.00        0.00
00577           60000.00     1000.00
00578           26000.00    -1600.00
00579           64000.00      800.00
00580           58000.00     -400.00
00581           40000.00     1200.00
00582           76000.00      600.00
00583           64000.00      400.00
00584           42000.00     -800.00
00585           16000.00     -800.00
00586           76000.00     2000.00
00587           42000.00     -400.00
00588           34000.00     -600.00
00589           38000.00     -400.00
00590           42000.00     -200.00
00591           52000.00      200.00
00592           60000.00      400.00
00593           30000.00    -1000.00
00594           40000.00    -1000.00
00595           74000.00      600.00
00596           44000.00     1600.00
00597           66000.00        0.00
00598           50000.00      200.00
00599           68000.00      200.00
00600           42000.00     -200.00
00601           68000.00     -600.00
00602           44000.00     -800.00
00603           40000.00     -600.00
00604           38000.00     -800.00
00605           58000.00        0.00
00606           38000.00     -400.00
00607           66000.00      800.00
00608           34000.00    -1000.00
00609           48000.00      200.00
00610           48000.00     1000.00
00611           68000.00     1200.00
00612           36000.00    -1200.00
00613           68000.00      200.00
00614           72000.00     -800.00
00615           38000.00     -400.00
00616           42000.00      800.00
00617           50000.00      800.00
00618           78000.00     1200.00
00619           10000.00    -1800.00
00620           78000.00      800.00
00621           50000.00      800.00
00622           72000.00     1400.00
00623           50000.00     -200.00
00624           62000.00      600.00
00625           56000.00     -800.00
00626           56000.00    -1400.00
00627           58000.00     1000.00
00628           70000.00     1200.00
00629           28000.00    -2200.00
00630           50000.00     -400.00
00631           38000.00      600.00
00632           72000.00      200.00
00633           70000.00     1000.00
00634           50000.00      600.00
00635           36000.00      600.00
00636           76000.00     1000.00
00637           56000.00     -600.00
00638           44000.00    -1200.00
00639           14000.00    -1800.00
00640           40000.00     1200.00
00641           32000.00      200.00
00642           54000.00      800.00
00643           66000.00     2200.00
00644           52000.00    -1200.00
00645           40000.00        0.00
00646           60000.00      200.00
00647            8000.00    -1600.00
00648           32000.00    -1600.00
00649           22000.00     -800.00
00650           62000.00      800.00
00651           90000.00     1200.00
00652           66000.00     1400.00
00653           64000.00      400.00
00654           30000.00        0.00
00655           40000.00     -800.00
00656           24000.00     -200.00
00657           74000.00     1800.00
00658           72000.00      600.00
00659           50000.00     -800.00
00660           62000.00     1200.00
00661           40000.00    -1200.00
00662           62000.00     1600.00
00663           58000.00      200.00
00664           52000.00      200.00
00665           44000.00      400.00
00666           36000.00      200.00
00667           24000.00    -1400.00
00668           26000.00     -800.00
00669           40000.00     -200.00
00670           68000.00      200.00
00671           54000.00     -400.00
00672           50000.00    -1200.00
00673           22000.00     -200.00
00674           20000.00     -800.00
00675           48000.00     -800.00
00676           48000.00     -800.00
00677           38000.00    -1600.00
00678           54000.00    -1000.00
00679           44000.00      800.00
00680           72000.00      400.00
00681           34000.00     -400.00
00682           56000.00      600.00
00683           52000.00    -1000.00
00684           26000.00     -200.00
00685           46000.00     -800.00
00686           50000.00      800.00
00687           58000.00    -1200.00
00688           54000.00     1200.00
00689           58000.00     -200.00
00690           22000.00        0.00
00691           50000.00      800.00
00692           74000.00     1800.00
00693           30000.00     -600.00
00694           62000.00        0.00
00695           62000.00     -200.00
00696           62000.00    -1000.00
00697           36000.00     -600.00
00698           62000.00      600.00
00699           18000.00     -200.00
00700           56000.00      600.00
00701           40000.00     -800.00
00702           26000.00    -1400.00
00703           40000.00     -600.00
00704           80000.00     1000.00
00705           34000.00     -800.00
00706           68000.00      800.00
00707           46000.00      400.00
00708           36000.00     -800.00
00709           32000.00     -600.00
00710           64000.00      200.00
00711           26000.00     -800.00
00712           42000.00     -600.00
00713           64000.00      400.00
00714           70000.00      200.00
00715           18000.00    -1400.00
00716           52000.00        0.00
00717           44000.00      800.00
00718           42000.00      400.00
00719           50000.00    -1400.00
00720           66000.00        0.00
00721           46000.00      400.00
00722           26000.00    -1200.00
00723           32000.00    -1400.00
00724           28000.00      600.00
00725           40000.00     -400.00
00726           44000.00      600.00
00727           64000.00      800.00
00728           74000.00     1000.00
00729           26000.00      400.00
00730           50000.00     -600.00
00731           28000.00      400.00
00732           24000.00     -600.00
00733           68000.00     -200.00
00734           20000.00    -2000.00
00735           58000.00      200.00
00736           70000.00     1400.00
00737           18000.00    -1000.00
00738           40000.00     -400.00
00739           60000.00     -600.00
00740           36000.00        0.00
00741           36000.00     -400.00
00742           32000.00      200.00
00743           52000.00      600.00
00744           76000.00     -200.00
00745           52000.00     -800.00
00746           70000.00      800.00
00747           58000.00     1600.00
00748           46000.00      200.00
00749           42000.00     -800.00
00750           76000.00      400.00
00751           74000.00     1000.00
00752           66000.00      400.00
00753           28000.00     1000.00
00754           24000.00    -1200.00
00755           68000.00     1400.00
00756           42000.00      800.00
00757           20000.00    -1400.00
00758           34000.00      600.00
00759           56000.00     -200.00
00760           24000.00        0.00
00761           42000.00     -800.00
00762           18000.00    -1400.00
00763           62000.00     1200.00
00764           54000.00     1000.00
00765           64000.00      600.00
00766           74000.00      800.00
00767           42000.00     -800.00
00768           42000.00     -200.00
00769           50000.00     -200.00
00770           26000.00    -1600.00
00771           62000.00      400.00
00772           36000.00    -1200.00
00773           60000.00     1400.00
00774           68000.00     -200.00
00775           58000.00     -600.00
00776           22000.00    -1400.00
00777           50000.00     -200.00
00778           46000.00      200.00
00779           56000.00      400.00
00780           32000.00    -1400.00
00781           22000.00     -600.00
00782           78000.00     1800.00
00783           28000.00     -800.00
00784           48000.00      600.00
00785           36000.00        0.00
00786           38000.00     -400.00
00787           18000.00     -800.00
00788           68000.00     1400.00
00789           50000.00      200.00
00790           32000.00    -1200.00
00791           42000.00      600.00
00792           50000.00        0.00
00793           42000.00      200.00
00794           28000.00    -1000.00
00795           62000.00     -200.00
00796           30000.00     -800.00
00797           50000.00     -400.00
00798           26000.00    -1400.00
00799           72000.00      600.00
00800           68000.00        0.00
00801           60000.00      400.00
00802           50000.00     -400.00
00803           64000.00      400.00
00804           66000.00     -400.00
00805           74000.00      200.00
00806           64000.00      200.00
00807           74000.00     1200.00
00808           16000.00    -1800.00
00809           50000.00     1600.00
00810           64000.00      800.00
00811           46000.00     -200.00
00812           42000.00     -200.00
00813           44000.00      200.00
00814           56000.00     1200.00
00815           40000.00     -400.00
00816           64000.00      600.00
00817           26000.00    -1400.00
00818           32000.00     -800.00
00819           54000.00     -400.00
00820           22000.00     -800.00
00821           74000.00     1600.00
00822           16000.00    -2200.00
00823           46000.00      200.00
00824           28000.00    -1400.00
00825           34000.00     -800.00
00826           60000.00        0.00
00827           28000.00     -400.00
00828           42000.00     -400.00
00829           42000.00      400.00
00830           22000.00      400.00
00831           42000.00      400.00
00832           18000.00     -600.00
00833           58000.00        0.00
00834           36000.00        0.00
00835           30000.00      600.00
00836           56000.00      600.00
00837           58000.00     -200.00
00838           32000.00     -400.00
00839           62000.00     1800.00
00840           18000.00    -2000.00
00841           40000.00      400.00
00842           32000.00     -200.00
00843           48000.00     -200.00
00844           32000.00     -800.00
00845           54000.00     -800.00
00846           52000.00     1000.00
00847           28000.00    -1600.00
00848           74000.00     -400.00
00849           54000.00      800.00
00850           30000.00     -200.00
00851           42000.00     -600.00
00852           32000.00      200.00
00853           76000.00      800.00
00854           22000.00    -1000.00
00855           74000.00      800.00
00856           30000.00        0.00
00857           40000.00     1000.00
00858           80000.00      600.00
00859           32000.00    -2000.00
00860           48000.00        0.00
00861           56000.00     -800.00
00862           50000.00      400.00
00863           70000.00      200.00
00864           64000.00      800.00
00865           18000.00    -1200.00
00866           52000.00     -600.00
00867           64000.00      200.00
00868           68000.00     1600.00
00869           28000.00     -400.00
00870           30000.00      200.00
00871           76000.00     1400.00
00872           34000.00     -400.00
00873           62000.00     1400.00
00874           44000.00     -400.00
00875           54000.00      800.00
00876           50000.00      800.00
00877           26000.00     -200.00
00878           20000.00    -2000.00
00879           62000.00     -400.00
00880           14000.00    -1600.00
00881           44000.00     -200.00
00882           56000.00    -1200.00
00883           76000.00      600.00
00884           74000.00     1000.00
00885           72000.00      400.00
00886           34000.00    -1000.00
00887           66000.00      200.00
00888           42000.00    -1200.00
00889           50000.00    -1400.00
00890           74000.00     -400.00
00891           48000.00     -600.00
00892           38000.00     -400.00
00893           52000.00      400.00
00894           34000.00      200.00
00895           74000.00     1200.00
00896           70000.00        0.00
00897           76000.00     1000.00
00898           78000.00     1400.00
00899           54000.00      600.00
00900           44000.00      200.00
00901           22000.00     -600.00
00902           38000.00     -400.00
00903           36000.00      200.00
00904           62000.00     -400.00
00905           54000.00     -200.00
00906           50000.00      600.00
00907           52000.00      400.00
00908           24000.00      200.00
00909           14000.00    -1000.00
00910           40000.00      400.00
00911           82000.00      600.00
00912           62000.00     1000.00
00913           52000.00      200.00
00914           58000.00     -200.00
00915           52000.00      800.00
00916           50000.00     -600.00
00917           28000.00    -1000.00
00918           58000.00     1200.00
00919           50000.00     -800.00
00920           46000.00    -1400.00
00921           26000.00     -600.00
00922           70000.00     1800.00
00923           32000.00      400.00
00924           72000.00     1000.00
00925           70000.00        0.00
00926           22000.00    -1200.00
00927           78000.00     1000.00
00928           42000.00     -200.00
00929           32000.00    -1600.00
00930           28000.00    -1000.00
00931           16000.00    -1000.00
00932           64000.00      600.00
00933           74000.00      200.00
00934           24000.00     -800.00
00935           40000.00    -1200.00
00936           52000.00     1200.00
00937           36000.00     -400.00
00938           74000.00     1200.00
00939           50000.00     -200.00
00940           40000.00     -400.00
00941           50000.00     -400.00
00942           66000.00     -200.00
00943           78000.00     1400.00
00944           64000.00      200.00
00945           34000.00     -800.00
00946           56000.00     -800.00
00947           54000.00     -200.00
00948           54000.00      400.00
00949           14000.00     -200.00
00950           36000.00     -400.00
00951           60000.00      400.00
00952           28000.00     -800.00
00953           56000.00        0.00
00954           70000.00        0.00
00955           44000.00    -1200.00
00956           54000.00      600.00
00957           48000.00     -600.00
00958           64000.00     1000.00
00959           42000.00    -1400.00
00960           22000.00    -1600.00
00961           54000.00        0.00
00962           22000.00     -800.00
00963           54000.00        0.00
00964           16000.00    -1400.00
00965           58000.00     -800.00
00966           54000.00     1400.00
00967           32000.00    -1000.00
00968           40000.00     -800.00
00969           36000.00     -600.00
00970           52000.00     -200.00
00971           48000.00    -1000.00
00972           68000.00        0.00
00973           28000.00        0.00
00974           48000.00        0.00
00975           34000.00    -1200.00
00976           30000.00     -600.00
00977           42000.00    -1200.00
00978           48000.00     -200.00
00979           58000.00      400.00
00980           46000.00     -800.00
00981           52000.00     1000.00
00982           12000.00    -1800.00
00983           66000.00     1200.00
00984           50000.00     1000.00
00985           32000.00     -600.00
00986           22000.00    -1200.00
00987           40000.00     -800.00
00988           38000.00        0.00
00989           66000.00     1000.00
00990           48000.00     -200.00
00991           40000.00      800.00
00992           52000.00        0.00
00993           44000.00    -1600.00
00994           34000.00      200.00
00995           56000.00      200.00
00996           40000.00    -1200.00
00997           34000.00     -600.00
00998           50000.00     -200.00
00999           40000.00        0.00
01000           50000.00     -800.00
