Unit:(mV)
                     CH1         CH2
Frequency     699.996 Hz           ?
Period          1.429 ms           ?
00001              -2.00       -0.80
00002              -4.00       -3.20
00003              -6.00       -6.00
00004              -8.00       -9.20
00005             -10.00      -12.00
00006             -14.00      -15.20
00007             -24.00      -17.60
00008             -84.00      -20.40
00009            -168.00      -21.20
00010            -186.00      -21.60
00011            -192.00      -21.60
00012            -198.00      -22.00
00013            -204.00      -22.00
00014            -210.00      -21.20
00015            -214.00      -21.20
00016            -218.00      -21.60
00017            -220.00      -21.60
00018            -224.00      -21.20
00019            -228.00      -21.20
00020            -228.00      -21.60
00021            -228.00      -22.00
00022            -232.00      -22.00
00023            -232.00      -21.60
00024            -234.00      -21.20
00025            -234.00      -21.60
00026            -234.00      -21.60
00027            -232.00      -21.60
00028            -230.00      -21.20
00029            -228.00      -21.60
00030            -226.00      -21.20
00031            -224.00      -21.20
00032            -220.00      -20.80
00033            -218.00      -20.80
00034            -212.00      -20.80
00035            -210.00      -20.40
00036            -204.00      -20.80
00037            -198.00      -21.20
00038            -194.00      -20.80
00039            -188.00      -21.20
00040            -182.00      -21.20
00041            -174.00      -21.20
00042            -168.00      -21.20
00043            -160.00      -21.20
00044            -154.00      -20.40
00045            -144.00      -20.40
00046            -138.00      -20.00
00047            -130.00      -20.40
00048            -120.00      -20.40
00049            -112.00      -20.00
00050            -104.00      -20.00
00051             -94.00      -19.60
00052             -86.00      -20.00
00053             -78.00      -19.60
00054             -68.00      -20.00
00055             -60.00      -19.60
00056             -50.00      -19.60
00057             -42.00      -19.20
00058             -36.00      -19.20
00059             -30.00      -18.00
00060             -26.00      -18.00
00061             -22.00      -17.20
00062             -20.00      -16.40
00063             -16.00      -15.20
00064             -14.00      -14.40
00065             -12.00      -12.40
00066             -10.00      -11.60
00067              -8.00      -10.40
00068              -6.00       -8.80
00069              -4.00       -6.00
00070              -2.00       -4.40
00071              -2.00       -2.80
00072               0.00        0.80
00073               2.00        3.20
00074               4.00        6.00
00075               4.00        8.80
00076               8.00       12.00
00077              12.00       15.60
00078              18.00       17.60
00079              48.00       20.40
00080             154.00       22.00
00081             182.00       22.40
00082             190.00       22.40
00083             194.00       22.00
00084             200.00       22.40
00085             204.00       22.40
00086             210.00       22.80
00087             214.00       22.00
00088             218.00       22.40
00089             222.00       22.00
00090             224.00       22.00
00091             226.00       22.40
00092             230.00       22.40
00093             230.00       22.40
00094             230.00       22.40
00095             232.00       22.00
00096             232.00       22.00
00097             232.00       22.00
00098             230.00       22.00
00099             230.00       22.80
00100             228.00       22.80
00101             226.00       22.40
00102             224.00       22.00
00103             222.00       22.00
00104             218.00       22.40
00105             214.00       22.00
00106             210.00       22.40
00107             206.00       22.00
00108             200.00       22.40
00109             194.00       22.00
00110             188.00       21.60
00111             182.00       22.00
00112             178.00       22.00
00113             170.00       22.00
00114             162.00       22.00
00115             156.00       22.00
00116             148.00       21.60
00117             140.00       21.60
00118             132.00       21.60
00119             122.00       21.60
00120             114.00       22.00
00121             106.00       20.80
00122              98.00       21.60
00123              88.00       21.60
00124              80.00       20.80
00125              70.00       20.40
00126              62.00       20.80
00127              52.00       21.20
00128              44.00       20.40
00129              38.00       20.00
00130              32.00       19.60
00131              28.00       19.20
00132              24.00       18.80
00133              20.00       18.00
00134              16.00       16.80
00135              14.00       16.40
00136              12.00       14.40
00137               8.00       14.00
00138               6.00       12.40
00139               6.00       10.80
00140               4.00        8.80
00141               2.00        6.80
00142               0.00        4.00
00143               0.00        2.00
00144              -2.00       -0.80
00145              -4.00       -3.20
00146              -6.00       -6.00
00147              -8.00       -9.20
00148             -12.00      -12.00
00149             -16.00      -15.60
00150             -26.00      -18.40
00151            -102.00      -20.80
00152            -172.00      -21.20
00153            -188.00      -21.20
00154            -194.00      -20.80
00155            -200.00      -21.20
00156            -206.00      -21.60
00157            -210.00      -21.60
00158            -214.00      -21.60
00159            -218.00      -21.20
00160            -222.00      -22.00
00161            -224.00      -21.60
00162            -226.00      -21.60
00163            -228.00      -21.60
00164            -230.00      -21.60
00165            -232.00      -21.60
00166            -232.00      -21.60
00167            -234.00      -21.60
00168            -234.00      -21.20
00169            -232.00      -21.60
00170            -232.00      -21.20
00171            -230.00      -21.60
00172            -228.00      -21.20
00173            -226.00      -21.20
00174            -224.00      -21.20
00175            -220.00      -21.20
00176            -216.00      -21.60
00177            -212.00      -21.20
00178            -208.00      -21.60
00179            -204.00      -21.60
00180            -198.00      -21.20
00181            -192.00      -21.20
00182            -186.00      -20.80
00183            -180.00      -21.20
00184            -174.00      -21.20
00185            -166.00      -20.80
00186            -160.00      -20.80
00187            -152.00      -21.20
00188            -144.00      -20.40
00189            -136.00      -20.00
00190            -128.00      -20.00
00191            -120.00      -20.00
00192            -112.00      -20.00
00193            -102.00      -20.00
00194             -96.00      -20.00
00195             -84.00      -20.00
00196             -76.00      -19.60
00197             -66.00      -19.20
00198             -58.00      -19.60
00199             -50.00      -18.80
00200             -40.00      -18.80
00201             -34.00      -18.40
00202             -28.00      -18.40
00203             -24.00      -17.60
00204             -22.00      -16.80
00205             -18.00      -16.00
00206             -16.00      -15.60
00207             -14.00      -14.00
00208             -10.00      -12.80
00209              -8.00      -11.60
00210              -8.00      -10.00
00211              -6.00       -8.00
00212              -4.00       -6.00
00213              -2.00       -3.60
00214               0.00       -0.80
00215               0.00        1.20
00216               2.00        3.20
00217               4.00        6.80
00218               6.00        9.60
00219               8.00       12.80
00220              12.00       16.00
00221              20.00       18.40
00222              62.00       21.20
00223             162.00       22.00
00224             184.00       22.80
00225             190.00       22.40
00226             196.00       22.00
00227             202.00       22.40
00228             206.00       22.40
00229             210.00       22.40
00230             216.00       22.80
00231             218.00       22.00
00232             222.00       22.80
00233             224.00       22.80
00234             226.00       22.40
00235             228.00       22.40
00236             230.00       22.80
00237             232.00       22.40
00238             232.00       22.40
00239             232.00       22.40
00240             230.00       22.00
00241             232.00       22.40
00242             230.00       22.40
00243             228.00       22.80
00244             226.00       22.40
00245             224.00       22.40
00246             220.00       22.40
00247             216.00       22.40
00248             212.00       22.80
00249             208.00       22.00
00250             204.00       22.40
00251             198.00       22.00
00252             194.00       22.00
00253             188.00       22.00
00254             182.00       22.00
00255             174.00       22.00
00256             170.00       22.40
00257             162.00       22.00
00258             154.00       21.60
00259             146.00       22.00
00260             138.00       22.00
00261             130.00       22.00
00262             122.00       22.00
00263             114.00       22.00
00264             104.00       22.00
00265              96.00       22.00
00266              86.00       22.00
00267              78.00       20.80
00268              68.00       20.80
00269              60.00       20.80
00270              52.00       20.40
00271              44.00       20.00
00272              38.00       20.40
00273              32.00       20.00
00274              26.00       19.20
00275              22.00       18.00
00276              20.00       17.60
00277              16.00       16.80
00278              14.00       15.60
00279              12.00       14.40
00280              10.00       13.20
00281               6.00       11.60
00282               6.00       10.00
00283               4.00        7.60
00284               2.00        6.00
00285               0.00        4.00
00286               0.00        1.60
00287              -2.00       -0.80
00288              -4.00       -3.60
00289              -6.00       -6.40
00290              -8.00       -9.20
00291             -12.00      -12.00
00292             -16.00      -16.00
00293             -30.00      -18.80
00294            -118.00      -21.20
00295            -174.00      -21.60
00296            -188.00      -21.60
00297            -194.00      -21.60
00298            -200.00      -21.20
00299            -206.00      -21.20
00300            -210.00      -21.60
00301            -214.00      -21.60
00302            -218.00      -21.60
00303            -222.00      -21.20
00304            -226.00      -21.20
00305            -226.00      -21.60
00306            -230.00      -21.20
00307            -232.00      -21.20
00308            -232.00      -21.20
00309            -232.00      -21.60
00310            -234.00      -21.60
00311            -234.00      -21.20
00312            -232.00      -21.20
00313            -232.00      -20.80
00314            -230.00      -21.20
00315            -228.00      -21.60
00316            -226.00      -21.20
00317            -222.00      -21.20
00318            -220.00      -21.20
00319            -216.00      -20.80
00320            -212.00      -20.80
00321            -208.00      -20.40
00322            -204.00      -21.20
00323            -198.00      -21.20
00324            -192.00      -21.20
00325            -186.00      -20.80
00326            -180.00      -20.80
00327            -172.00      -20.80
00328            -166.00      -20.80
00329            -158.00      -20.00
00330            -150.00      -20.40
00331            -144.00      -20.40
00332            -136.00      -20.40
00333            -128.00      -20.80
00334            -120.00      -20.00
00335            -110.00      -20.40
00336            -102.00      -20.40
00337             -92.00      -20.40
00338             -84.00      -20.00
00339             -74.00      -19.60
00340             -66.00      -19.20
00341             -56.00      -19.20
00342             -48.00      -18.80
00343             -40.00      -19.20
00344             -34.00      -18.00
00345             -28.00      -18.00
00346             -24.00      -17.60
00347             -22.00      -17.20
00348             -18.00      -15.60
00349             -16.00      -14.80
00350             -12.00      -13.60
00351             -10.00      -13.20
00352              -8.00      -11.60
00353              -8.00      -10.00
00354              -6.00       -7.60
00355              -4.00       -4.80
00356              -2.00       -3.60
00357               0.00       -0.80
00358               0.00        1.20
00359               2.00        4.00
00360               4.00        7.60
00361               6.00       10.00
00362              10.00       13.20
00363              14.00       16.00
00364              22.00       19.20
00365              78.00       22.00
00366             168.00       22.80
00367             184.00       22.80
00368             190.00       22.80
00369             196.00       22.40
00370             202.00       23.20
00371             208.00       22.80
00372             212.00       22.40
00373             216.00       22.80
00374             218.00       22.40
00375             222.00       22.40
00376             226.00       22.40
00377             228.00       22.40
00378             230.00       22.40
00379             230.00       22.40
00380             232.00       22.00
00381             230.00       22.40
00382             232.00       23.20
00383             232.00       22.40
00384             232.00       22.00
00385             228.00       22.40
00386             226.00       22.40
00387             226.00       22.00
00388             222.00       22.00
00389             220.00       22.00
00390             216.00       22.40
00391             212.00       22.00
00392             208.00       22.00
00393             204.00       22.40
00394             198.00       22.40
00395             192.00       22.40
00396             188.00       22.00
00397             180.00       22.00
00398             174.00       22.00
00399             168.00       22.00
00400             160.00       21.60
00401             154.00       22.00
00402             146.00       21.60
00403             138.00       22.00
00404             130.00       22.00
00405             120.00       21.60
00406             112.00       21.20
00407             104.00       21.60
00408              94.00       21.20
00409              86.00       20.80
00410              78.00       21.20
00411              68.00       20.40
00412              60.00       20.40
00413              50.00       20.40
00414              44.00       20.40
00415              36.00       20.00
00416              30.00       19.60
00417              26.00       19.20
00418              22.00       18.80
00419              18.00       18.00
00420              16.00       16.80
00421              12.00       16.00
00422              10.00       14.80
00423               8.00       12.80
00424               6.00       12.00
00425               4.00       10.00
00426               4.00        8.00
00427               2.00        5.60
00428               0.00        3.60
00429              -2.00        1.20
00430              -2.00       -1.20
00431              -4.00       -4.00
00432              -6.00       -6.80
00433             -10.00      -10.00
00434             -12.00      -12.80
00435             -18.00      -16.00
00436             -34.00      -19.20
00437            -132.00      -21.20
00438            -178.00      -21.60
00439            -190.00      -21.20
00440            -196.00      -21.20
00441            -202.00      -21.60
00442            -206.00      -21.60
00443            -210.00      -21.60
00444            -214.00      -21.20
00445            -218.00      -22.00
00446            -222.00      -22.00
00447            -226.00      -21.60
00448            -228.00      -21.60
00449            -230.00      -21.20
00450            -232.00      -21.60
00451            -232.00      -21.20
00452            -234.00      -21.20
00453            -234.00      -21.60
00454            -232.00      -21.60
00455            -232.00      -22.00
00456            -232.00      -21.60
00457            -230.00      -21.60
00458            -228.00      -21.60
00459            -226.00      -21.60
00460            -222.00      -22.00
00461            -218.00      -21.60
00462            -214.00      -21.20
00463            -212.00      -21.60
00464            -206.00      -21.20
00465            -202.00      -21.20
00466            -196.00      -20.80
00467            -190.00      -20.80
00468            -186.00      -21.20
00469            -178.00      -20.80
00470            -172.00      -20.80
00471            -166.00      -20.80
00472            -158.00      -20.40
00473            -150.00      -20.40
00474            -142.00      -20.80
00475            -134.00      -20.80
00476            -124.00      -20.80
00477            -118.00      -20.00
00478            -108.00      -20.00
00479            -100.00      -20.00
00480             -90.00      -20.00
00481             -82.00      -19.60
00482             -74.00      -19.60
00483             -64.00      -19.60
00484             -54.00      -19.20
00485             -46.00      -18.80
00486             -40.00      -18.80
00487             -34.00      -18.00
00488             -28.00      -17.20
00489             -24.00      -17.20
00490             -20.00      -16.80
00491             -18.00      -16.00
00492             -16.00      -14.80
00493             -12.00      -13.60
00494             -10.00      -12.80
00495              -8.00      -11.20
00496              -6.00       -9.20
00497              -6.00       -6.80
00498              -4.00       -4.80
00499              -2.00       -3.60
00500               0.00       -0.80
00501               0.00        1.60
00502               2.00        4.40
00503               4.00        7.20
00504               6.00       10.80
00505               8.00       13.60
00506              14.00       17.20
00507              24.00       20.00
00508              98.00       22.00
00509             172.00       22.40
00510             186.00       22.40
00511             192.00       22.00
00512             198.00       22.00
00513             202.00       22.40
00514             208.00       22.40
00515             212.00       22.00
00516             216.00       22.80
00517             220.00       22.40
00518             222.00       22.40
00519             226.00       22.40
00520             228.00       22.40
00521             228.00       22.00
00522             230.00       22.40
00523             232.00       22.40
00524             232.00       22.80
00525             230.00       22.40
00526             230.00       22.40
00527             230.00       22.00
00528             230.00       22.00
00529             226.00       22.00
00530             226.00       22.00
00531             222.00       22.40
00532             218.00       22.00
00533             216.00       22.40
00534             212.00       22.00
00535             208.00       21.60
00536             202.00       22.00
00537             198.00       22.00
00538             192.00       22.00
00539             186.00       22.40
00540             180.00       22.00
00541             174.00       22.00
00542             168.00       22.00
00543             160.00       21.60
00544             152.00       22.00
00545             144.00       21.60
00546             136.00       22.00
00547             128.00       20.80
00548             120.00       21.60
00549             110.00       22.00
00550             102.00       21.20
00551              94.00       20.80
00552              84.00       20.80
00553              76.00       21.20
00554              66.00       20.80
00555              58.00       21.20
00556              50.00       20.80
00557              42.00       20.00
00558              36.00       20.00
00559              30.00       18.80
00560              26.00       19.20
00561              22.00       18.80
00562              18.00       17.60
00563              16.00       16.80
00564              12.00       15.60
00565              10.00       14.00
00566               8.00       13.20
00567               6.00       11.60
00568               4.00        9.20
00569               2.00        7.60
00570               2.00        5.60
00571               0.00        3.20
00572               0.00        0.80
00573              -4.00       -1.60
00574              -6.00       -4.80
00575              -8.00       -7.60
00576             -10.00      -10.40
00577             -12.00      -14.00
00578             -20.00      -16.40
00579             -42.00      -19.60
00580            -144.00      -20.80
00581            -182.00      -21.60
00582            -190.00      -21.20
00583            -196.00      -20.80
00584            -202.00      -21.60
00585            -208.00      -21.20
00586            -212.00      -21.60
00587            -216.00      -21.60
00588            -220.00      -21.60
00589            -224.00      -20.80
00590            -226.00      -21.20
00591            -228.00      -21.60
00592            -230.00      -20.80
00593            -232.00      -21.20
00594            -234.00      -20.40
00595            -232.00      -20.80
00596            -234.00      -21.20
00597            -232.00      -21.60
00598            -232.00      -20.80
00599            -230.00      -21.60
00600            -228.00      -21.60
00601            -228.00      -21.60
00602            -224.00      -21.60
00603            -222.00      -21.20
00604            -218.00      -21.60
00605            -214.00      -21.20
00606            -210.00      -21.60
00607            -206.00      -21.20
00608            -202.00      -21.20
00609            -196.00      -20.80
00610            -190.00      -20.80
00611            -184.00      -20.80
00612            -178.00      -20.80
00613            -170.00      -20.80
00614            -164.00      -20.80
00615            -156.00      -20.40
00616            -150.00      -20.00
00617            -142.00      -20.80
00618            -134.00      -21.20
00619            -124.00      -21.20
00620            -116.00      -20.40
00621            -106.00      -20.40
00622            -100.00      -19.20
00623             -90.00      -19.60
00624             -80.00      -20.00
00625             -72.00      -19.60
00626             -62.00      -19.60
00627             -54.00      -19.60
00628             -46.00      -19.20
00629             -38.00      -18.80
00630             -32.00      -18.80
00631             -28.00      -18.00
00632             -24.00      -17.20
00633             -20.00      -16.80
00634             -18.00      -15.60
00635             -14.00      -14.80
00636             -12.00      -14.00
00637             -10.00      -12.40
00638              -8.00      -10.80
00639              -6.00       -9.20
00640              -4.00       -6.80
00641              -2.00       -4.80
00642               0.00       -3.20
00643               0.00       -0.40
00644               0.00        2.40
00645               2.00        4.80
00646               4.00        7.60
00647               8.00       10.80
00648              10.00       13.60
00649              16.00       16.80
00650              26.00       20.00
00651             116.00       22.00
00652             176.00       22.80
00653             188.00       22.00
00654             194.00       22.40
00655             198.00       22.00
00656             204.00       22.80
00657             208.00       22.40
00658             212.00       22.40
00659             216.00       22.00
00660             220.00       22.00
00661             224.00       22.40
00662             226.00       22.00
00663             228.00       22.80
00664             230.00       22.80
00665             230.00       22.40
00666             232.00       22.40
00667             232.00       22.40
00668             232.00       22.00
00669             232.00       22.00
00670             230.00       22.00
00671             230.00       22.00
00672             226.00       22.80
00673             226.00       22.00
00674             220.00       22.40
00675             218.00       22.00
00676             214.00       22.00
00677             210.00       21.60
00678             208.00       21.60
00679             202.00       22.00
00680             198.00       22.00
00681             192.00       22.00
00682             184.00       22.40
00683             180.00       22.40
00684             172.00       22.00
00685             166.00       22.00
00686             158.00       21.60
00687             152.00       22.00
00688             142.00       21.20
00689             134.00       22.00
00690             126.00       22.00
00691             118.00       22.00
00692             110.00       21.60
00693             102.00       21.60
00694              92.00       21.20
00695              84.00       20.80
00696              74.00       20.80
00697              66.00       20.80
00698              58.00       20.40
00699              48.00       20.40
00700              40.00       20.00
00701              34.00       19.60
00702              30.00       19.60
00703              24.00       19.20
00704              20.00       18.80
00705              18.00       17.60
00706              14.00       16.40
00707              12.00       15.60
00708              10.00       14.00
00709               6.00       13.20
00710               6.00       10.80
00711               4.00        9.20
00712               2.00        7.20
00713               2.00        4.80
00714               0.00        2.80
00715              -2.00        0.40
00716              -2.00       -2.40
00717              -4.00       -4.80
00718              -6.00       -7.60
00719             -10.00      -11.20
00720             -14.00      -14.00
00721             -20.00      -17.20
00722             -54.00      -20.40
00723            -154.00      -21.60
00724            -184.00      -21.60
00725            -192.00      -21.60
00726            -198.00      -22.00
00727            -202.00      -21.60
00728            -208.00      -21.60
00729            -212.00      -22.00
00730            -216.00      -22.00
00731            -220.00      -21.60
00732            -222.00      -22.00
00733            -226.00      -21.60
00734            -228.00      -21.20
00735            -230.00      -21.20
00736            -232.00      -21.20
00737            -232.00      -22.00
00738            -232.00      -21.60
00739            -232.00      -21.60
00740            -234.00      -21.60
00741            -232.00      -21.60
00742            -230.00      -21.60
00743            -230.00      -21.20
00744            -226.00      -21.60
00745            -224.00      -21.20
00746            -222.00      -21.20
00747            -218.00      -21.20
00748            -214.00      -21.60
00749            -210.00      -21.60
00750            -206.00      -21.20
00751            -200.00      -20.80
00752            -194.00      -20.80
00753            -190.00      -21.20
00754            -184.00      -21.20
00755            -176.00      -21.60
00756            -170.00      -20.80
00757            -162.00      -21.20
00758            -156.00      -20.80
00759            -148.00      -20.80
00760            -138.00      -20.80
00761            -132.00      -20.80
00762            -124.00      -20.80
00763            -114.00      -20.00
00764            -106.00      -20.40
00765             -98.00      -20.40
00766             -88.00      -20.80
00767             -80.00      -20.40
00768             -72.00      -20.00
00769             -60.00      -19.20
00770             -52.00      -19.20
00771             -44.00      -19.20
00772             -36.00      -19.20
00773             -32.00      -18.80
00774             -26.00      -18.00
00775             -24.00      -17.60
00776             -20.00      -16.80
00777             -16.00      -16.40
00778             -14.00      -15.20
00779             -12.00      -14.00
00780             -10.00      -12.00
00781              -8.00      -10.40
00782              -6.00       -8.80
00783              -4.00       -7.20
00784              -2.00       -4.80
00785              -2.00       -3.20
00786               0.00       -0.40
00787               2.00        2.00
00788               4.00        4.80
00789               6.00        8.00
00790               6.00       10.80
00791              10.00       14.00
00792              16.00       17.20
00793              32.00       20.00
00794             132.00       22.00
00795             178.00       22.00
00796             188.00       22.00
00797             194.00       22.00
00798             200.00       22.40
00799             204.00       22.40
00800             208.00       22.40
00801             214.00       22.40
00802             216.00       22.40
00803             222.00       22.40
00804             224.00       21.20
00805             226.00       22.00
00806             228.00       22.00
00807             230.00       22.00
00808             230.00       22.00
00809             232.00       22.00
00810             232.00       22.00
00811             232.00       22.00
00812             232.00       22.00
00813             230.00       22.00
00814             230.00       22.00
00815             226.00       22.00
00816             224.00       21.60
00817             222.00       22.00
00818             218.00       22.00
00819             216.00       22.00
00820             210.00       22.00
00821             206.00       22.00
00822             202.00       22.00
00823             196.00       21.60
00824             192.00       21.60
00825             184.00       22.00
00826             178.00       21.20
00827             172.00       21.60
00828             164.00       21.60
00829             158.00       21.20
00830             150.00       21.60
00831             142.00       21.20
00832             134.00       21.20
00833             126.00       20.80
00834             118.00       20.80
00835             110.00       20.80
00836             100.00       20.40
00837              90.00       21.20
00838              82.00       20.80
00839              72.00       20.80
00840              64.00       20.40
00841              56.00       20.40
00842              46.00       20.40
00843              40.00       20.00
00844              32.00       19.60
00845              28.00       19.20
00846              24.00       18.00
00847              20.00       17.60
00848              18.00       17.20
00849              14.00       15.60
00850              12.00       14.80
00851              10.00       13.60
00852               8.00       12.40
00853               6.00       10.40
00854               4.00        8.80
00855               2.00        7.20
00856               0.00        4.80
00857               0.00        2.40
00858              -2.00       -0.80
00859              -4.00       -2.80
00860              -6.00       -6.00
00861              -8.00       -8.40
00862             -10.00      -11.60
00863             -14.00      -15.20
00864             -22.00      -18.00
00865             -68.00      -20.80
00866            -162.00      -21.60
00867            -186.00      -22.00
00868            -192.00      -22.00
00869            -198.00      -22.80
00870            -204.00      -22.00
00871            -208.00      -22.00
00872            -212.00      -21.60
00873            -218.00      -21.60
00874            -220.00      -22.00
00875            -224.00      -21.20
00876            -226.00      -22.00
00877            -228.00      -22.00
00878            -230.00      -22.00
00879            -232.00      -22.00
00880            -232.00      -22.00
00881            -232.00      -21.60
00882            -234.00      -21.60
00883            -232.00      -21.20
00884            -232.00      -21.20
00885            -230.00      -22.00
00886            -230.00      -21.60
00887            -226.00      -22.00
00888            -224.00      -22.00
00889            -220.00      -22.00
00890            -218.00      -22.00
00891            -214.00      -22.00
00892            -208.00      -21.60
00893            -204.00      -21.60
00894            -200.00      -21.20
00895            -194.00      -21.60
00896            -188.00      -21.60
00897            -182.00      -21.20
00898            -176.00      -21.60
00899            -168.00      -22.00
00900            -162.00      -21.60
00901            -154.00      -21.20
00902            -146.00      -21.20
00903            -138.00      -20.80
00904            -130.00      -20.80
00905            -124.00      -20.80
00906            -114.00      -20.40
00907            -104.00      -20.40
00908             -96.00      -20.00
00909             -88.00      -20.40
00910             -78.00      -20.00
00911             -70.00      -19.60
00912             -60.00      -20.00
00913             -52.00      -20.00
00914             -44.00      -19.20
00915             -36.00      -19.60
00916             -32.00      -18.80
00917             -26.00      -18.40
00918             -22.00      -18.00
00919             -20.00      -16.80
00920             -16.00      -16.00
00921             -14.00      -15.20
00922             -12.00      -13.60
00923              -8.00      -12.80
00924              -8.00      -10.80
00925              -6.00       -8.80
00926              -4.00       -7.20
00927              -2.00       -5.20
00928              -2.00       -2.80
00929               0.00       -0.40
00930               2.00        2.80
00931               2.00        5.20
00932               4.00        8.00
00933               8.00       10.80
00934              12.00       14.00
00935              18.00       16.40
00936              38.00       20.00
00937             144.00       22.00
00938             180.00       22.40
00939             188.00       22.00
00940             194.00       22.40
00941             200.00       22.00
00942             206.00       22.00
00943             210.00       22.00
00944             214.00       21.60
00945             218.00       22.00
00946             220.00       22.40
00947             224.00       22.00
00948             226.00       21.60
00949             228.00       22.00
00950             230.00       21.60
00951             230.00       21.60
00952             232.00       22.00
00953             232.00       22.00
00954             232.00       22.00
00955             230.00       22.00
00956             230.00       22.00
00957             228.00       22.00
00958             226.00       21.60
00959             224.00       22.00
00960             220.00       22.00
00961             218.00       22.00
00962             214.00       21.20
00963             210.00       21.20
00964             206.00       21.60
00965             200.00       21.20
00966             196.00       21.60
00967             190.00       22.00
00968             182.00       22.00
00969             178.00       21.60
00970             170.00       21.60
00971             164.00       21.20
00972             158.00       21.20
00973             150.00       21.20
00974             140.00       21.60
00975             132.00       21.60
00976             124.00       20.80
00977             116.00       20.80
00978             108.00       20.80
00979              98.00       21.20
00980              90.00       20.80
00981              82.00       20.40
00982              72.00       20.40
00983              62.00       20.00
00984              54.00       20.40
00985              46.00       20.00
00986              38.00       20.00
00987              32.00       19.20
00988              26.00       18.80
00989              24.00       18.40
00990              20.00       18.00
00991              16.00       16.80
00992              14.00       15.20
00993              10.00       14.80
00994               8.00       13.60
00995               6.00       12.00
00996               6.00       10.40
00997               4.00        8.00
00998               2.00        6.00
00999               0.00        4.00
01000               0.00        1.60
